1.102761 1.135652 23.747322
0.948533 1.113738 23.479228
0.850476 1.152126 23.713817
0.729106 1.220158 23.826381
0.585421 1.254428 23.638133
0.561498 1.312523 24.647475
0.432545 1.318833 24.742103
0.312881 1.355813 24.063894
0.243576 1.404421 24.581331
0.204541 1.378330 24.755450
0.105990 1.309005 24.028564
0.020513 1.286650 23.975728
-0.145227 1.229536 22.638525
-0.191919 1.282191 23.747264
-0.219554 1.244031 23.051156
-0.326304 1.218172 24.826692
-0.441694 1.191342 25.176200
-0.511923 1.162493 23.397147
-0.587318 1.179672 22.832189
-0.597888 1.130190 21.285383
-0.592143 1.138333 20.316842
-0.620914 1.152494 20.552683
-0.626297 1.173316 21.145636
-0.614383 1.165515 20.269097
-0.627557 1.266513 25.063639
-0.585170 1.172200 23.027658
-0.581016 1.120873 21.201194
-0.572357 1.135846 21.465481
-0.535928 1.067875 20.857444
-0.466353 1.083271 24.366442
-0.471610 1.011005 20.960589
-0.378043 1.072682 24.738522
-0.343552 1.144870 24.164950
-0.331125 1.231767 25.700933
-0.341034 1.165042 22.103861
-0.318849 1.147360 21.283322
-0.283991 1.096338 21.227786
-0.188210 1.136032 25.538883
-0.189818 1.130190 24.993978
-0.187552 1.129310 24.091203
-0.255954 1.111121 22.618192
-0.214235 1.095490 22.291033
-0.198708 1.141020 22.422314
-0.215034 1.186266 22.834300
-0.183348 1.221000 24.195856
-0.195048 1.285013 25.028161
-0.179119 1.297546 25.128158
-0.260695 1.262497 23.620108
-0.262970 1.226075 23.227161
-0.275309 1.211120 22.878075
-0.289818 1.265391 23.575567
-0.301048 1.258330 24.029786
-0.304360 1.321264 25.584672
-0.338967 1.303647 26.836931
-0.387866 1.282856 25.644778
-0.443903 1.220570 24.156267
-0.421022 1.212341 27.590206
-0.533804 1.087701 22.555589
-0.567194 1.217030 25.918481
-0.572559 1.349258 26.704114
-0.631783 1.410996 24.857339
-0.665097 1.373330 24.278833
-0.735271 1.125016 23.893881
-0.745980 0.961683 24.161436
-0.729286 0.972751 22.927664
-0.766722 1.236613 27.496078
-0.771388 1.237413 24.330289
-0.793325 1.198090 24.749847
-0.807542 1.148656 25.591167
-0.752557 1.102070 24.175831
-0.766903 1.140496 28.538125
-0.793986 1.073724 27.506431
-0.729655 1.161690 28.596428
-0.697986 1.141562 24.116083
-0.683195 1.066165 24.867281
-0.679513 1.111660 25.383289
-0.701977 1.137650 27.193747
-0.694691 1.093345 24.062731
-0.693908 1.232657 24.780933
-0.680483 1.418371 24.311531
-0.669249 1.493131 25.965836
-0.625059 1.356260 24.923989
-0.591929 1.426991 28.164650
-0.615197 1.376812 27.337731
-0.626488 1.218870 25.651739
-0.617359 1.224633 27.911219
-0.589522 1.176895 27.645292
-0.586112 1.245921 27.194472
-0.636158 1.215092 25.844961
-0.629289 1.307080 29.483847
-0.594513 1.290214 29.581886
-0.625402 1.208770 29.366539
-0.636102 1.157570 28.778008
-0.686228 1.240843 30.170439
-0.651995 1.132683 26.182344
-0.666411 1.263061 29.620519
-0.673194 1.226650 29.036744
-0.710210 1.190700 27.541406
-0.732982 1.155211 28.404478
-0.792428 1.120752 27.608706
-0.804356 1.091365 25.880122
-0.796219 1.159565 25.506958
-0.830397 1.203698 24.758189
-0.887976 1.322511 28.974322
-0.844440 1.193890 27.441997
-0.887055 1.153693 28.674619
-0.887247 1.242224 28.989164
-0.855269 1.139196 24.744731
-0.841691 1.207030 29.125719
-0.778918 1.188650 28.050939
-0.764715 1.168473 27.847306
-0.778449 1.192370 28.708822
-0.725680 1.190785 28.290722
-0.707823 1.266832 28.554900
-0.694458 1.274300 28.276950
-0.696850 1.212580 29.118161
-0.648884 1.054762 24.842589
-0.612551 1.026616 24.098142
-0.587419 1.111992 24.389431
-0.576095 1.315483 26.742203
-0.568888 1.255031 24.563858
-0.593439 1.138720 27.679203
-0.575516 1.040726 27.718547
-0.538089 1.029235 27.758492
-0.556909 1.052745 27.799011
-0.588020 1.150120 27.839622
-0.508676 1.157270 26.004856
-0.523690 1.153180 23.473056
-0.522683 1.150400 23.775203
-0.516152 1.176525 26.789497
-0.535193 1.064402 23.771556
-0.548951 1.116576 27.205883
-0.535972 1.105641 25.032103
-0.567902 1.110452 23.337039
-0.556530 1.222751 24.613539
-0.559367 1.293635 23.645017
-0.552454 1.281710 25.416461
-0.517137 1.308411 26.760536
-0.549164 1.167348 23.090575
-0.429268 1.103334 25.756708
-0.462208 1.014620 23.314267
-0.447900 0.987221 21.890411
-0.358147 1.068108 22.772700
-0.328426 1.078462 21.779281
-0.238430 1.070855 21.235039
-0.200420 1.083030 21.568892
-0.148903 1.107206 23.228336
-0.102665 1.099071 21.890186
0.010056 1.147673 24.854600
-0.032727 1.156122 22.011669
0.070570 1.269774 23.050939
0.078202 1.161663 22.254864
0.265349 1.047732 25.021564
0.270957 1.032558 24.736878
0.207786 1.049490 21.941819
0.268649 1.137562 22.866628
0.306752 1.151520 22.671381
0.331346 1.128560 22.025864
0.345629 1.107130 21.652500
0.391647 1.026800 21.275492
0.440591 1.065581 21.646900
0.556754 1.142934 22.791806
0.533536 1.123695 22.001281
0.727270 1.170502 24.923350
0.716776 1.173076 24.488267
0.586136 1.156615 21.967378
0.646875 1.188176 22.229753
0.712764 1.241666 24.175283
0.728149 1.239298 24.316558
0.719671 1.235655 23.880058
0.668980 1.220093 22.954367
0.580886 1.210453 21.505114
0.641022 1.290581 22.154008
0.592526 1.231850 21.051553
0.646732 1.254414 21.784925
0.610178 1.254472 21.282297
0.621468 1.243911 21.536758
0.637006 1.228618 22.087581
0.657101 1.176258 22.738864
0.596902 1.187040 21.679428
0.645829 1.222627 22.258136
0.595451 1.186812 21.972997
0.570190 1.148050 21.305650
0.636973 1.106325 22.641992
0.582733 1.022268 22.377714
0.553437 0.992390 21.878203
0.580086 1.016555 22.280681
0.478722 1.007543 20.572519
0.573359 1.007248 22.276242
0.508829 1.021832 21.135056
0.558952 1.051856 21.910008
0.475833 1.045325 20.214608
0.568719 1.130210 21.743544
0.540085 1.154010 21.731700
0.556934 1.159908 21.768906
0.528277 1.126428 21.038047
0.561391 1.154965 21.613058
0.487188 1.129355 20.237444
0.584752 1.146163 21.799144
0.499207 1.097740 20.268928
0.486882 1.047240 20.089556
0.461769 1.055316 19.612564
0.534815 1.088373 20.974628
0.472278 1.077980 19.814419
0.534496 1.121190 20.774000
0.480704 1.124266 20.076514
0.459085 1.094176 19.705417
0.463465 1.107212 19.951536
0.460040 1.086674 19.781394
0.436163 1.083290 19.840422
0.399102 1.112010 19.611367
0.352665 1.086883 19.826828
0.320104 1.082284 20.116364
0.285435 1.093760 20.380792
0.245075 1.103283 20.405308
0.206403 1.143630 20.930914
0.147931 1.100705 20.460061
0.113808 1.105760 20.803928
0.074215 1.106340 20.970119
0.038656 1.119642 20.899469
0.045802 1.111680 20.692983
0.007095 1.090060 20.284278
-0.000399 1.091412 20.828167
-0.006035 1.140740 21.024167
0.032470 1.190870 21.940708
0.000010 1.146765 21.402708
-0.011449 1.164020 21.948097
-0.065998 1.159610 21.871156
-0.071336 1.241818 22.690250
-0.089215 1.258024 22.480092
-0.094677 1.239904 22.662325
-0.110037 1.236871 22.632822
-0.145652 1.252240 22.850897
-0.163491 1.235991 23.219350
-0.171547 1.214641 23.126250
-0.166309 1.235108 23.370328
-0.168636 1.239485 23.856694
-0.168434 1.227430 23.679558
-0.187769 1.190908 23.506272
-0.193108 1.153750 23.558014
-0.174385 1.139663 23.306331
