-1.27282 1.65792 33.7534
-1.06229 1.56791 36.3087
-0.885839 1.19336 36.5972
-0.99352 0.967672 36.5732
-1.01248 0.973149 36.1503
-1.09992 1.49987 36.009
-1.22161 1.64498 34.1063
-1.29302 1.47255 34.1151
-1.34151 1.55327 33.4569
-1.38688 1.86966 33.5465
-1.37594 1.83076 33.0127
-1.22221 1.34787 33.1296
-1.17891 1.31247 33.4214
-0.967342 0.58587 33.8129
-0.867508 0.458446 35.1821
-0.993705 0.815621 35.8221
-0.800147 0.853132 36.964
-0.897157 1.11708 36.6262
0.402564 1.65792 33.5507
0.494138 1.56791 36.1204
0.353951 1.19336 36.4472
0.457281 0.967672 36.3976
0.426476 0.973149 35.9762
0.496148 1.49987 35.8159
0.393391 1.64498 33.9109
0.464814 1.47255 33.9025
0.43557 1.55327 33.2419
0.4908 1.86966 33.3193
0.417526 1.83076 32.7957
0.279648 1.34787 32.9479
0.271111 1.31247 33.246
0.108339 0.58587 33.6827
0.170192 0.458446 35.0565
0.369536 0.815621 35.6572
0.312393 0.853132 36.8294
0.368499 1.11708 36.4731
