1 36 36
-0.1904679922 0.7604 27.87368766
1.5208 1.6362 3.86
721.53 0 609.55 0 721.53 172.85 0 0 1
588.3581793 210.7727596
588.0554242 198.4082868
588.3581793 197.5035693
588.0554242 188.7579666
588.0554242 189.6626841
588.3581793 198.1067143
588.0554242 201.1224394
588.0554242 195.6941342
587.7526692 195.3925617
587.6012916 215.4471335
612.2758299 178.8060738
587.7526692 189.6626841
587.7526692 191.4721191
589.2664445 181.2186539
590.1747097 180.0123638
588.6609344 186.3453865
590.4774648 187.853249
588.9636894 196.9004243
618.9364414 209.8680421
617.7254211 198.7098593
617.119911 195.6941342
618.3309313 191.1705466
618.3309313 192.3768367
618.0281762 199.9161494
618.9364414 208.9633246
619.2391965 203.5350194
619.2391965 206.5507445
619.8447066 212.8837672
619.2391965 213.1853397
615.9088907 202.3287294
615.6061356 201.4240119
611.9730748 187.250104
612.88134 182.7265164
616.8171559 188.1548216
615.6061356 189.3611116
616.8171559 194.1862717
0.001
0.001
0.001
0.001
0.001
0.001
0.001
0.001
0.001
0.001
0.001
0.001
0.001
0.02375111058
0.008144524321
0.001409298694
0.001
0.001
0.07204494857
0.03896229927
0.03895145966
0.03893409459
0.03884984835
0.03898815269
0.05525150382
0.03896243981
0.04018843424
0.04800912262
0.04369163559
0.03899642218
0.03894487979
0.03884367076
0.03882739673
0.03894277943
0.03892570444
0.03912517027
-1.157703644 1.266462308 26.78293388
-0.8466636289 1.265632995 29.29542184
-0.7889848879 1.32917262 29.67406737
-0.8276366283 0.9060286488 29.57017726
-0.9045974429 0.9171919785 29.01582178
-0.8820214846 1.364334193 28.90125688
-1.100436166 1.347825683 27.16821584
-1.156526152 0.9129741447 27.06895863
-1.206499345 0.8922931531 26.52941757
-1.204192492 1.290434635 26.39702535
-1.159190027 1.216036194 26.03640933
-1.111841638 0.5737462765 26.05333652
-1.059680582 0.3948155299 26.41358394
-0.8807271645 -0.02145421493 26.78541064
-0.7124444982 -0.006060093411 28.24622766
-0.8144194269 0.4750191622 28.79981194
-0.6640261412 0.714722998 29.77761779
-0.6970629515 1.285465237 29.86829992
0.4869953669 1.266462308 26.58282283
0.7875017035 1.265632995 29.09659242
0.8223014988 1.32917262 29.47802164
0.8349136594 0.9060286488 29.36789423
0.7766997388 0.9171919785 28.81125782
0.7273108285 1.364334193 28.70544891
0.5237857815 1.347825683 26.97059624
0.5544383463 0.9129741447 26.86078503
0.4735765406 0.8922931531 26.3250022
0.4395905471 1.290434635 26.19702574
0.3094286283 1.216036194 25.85772204
0.2675206326 0.5737462765 25.88550907
0.303265434 0.3948155299 26.24775387
0.2186937005 -0.02145421493 26.65164376
0.4056113087 -0.006060093411 28.11019345
0.6373555206 0.4750191622 28.62317402
0.7258189201 0.714722998 29.6085149
0.7796366126 1.285465237 29.68862941
0.1132434234 -0.4250034468 0.09219162055 0.1027750194 -0.4230921396 0.12206463 0.07299253283 -0.3332218283 0.04680215336 0.07901330198 -0.200311471 0.1369044886 0.08180437003 -0.2441678719 0.1542840395 0.1262669728 -0.32681409 0.1963875934 0.09277493737 -0.333850292 0.04186946717 0.1293582487 -0.1682598215 0.09183380746 0.0821879192 -0.1806282466 0.1014539558 0.1054320895 -0.3190068861 0.1585882196 0.1004541496 -0.3210801685 -0.1737394479 0.1769168177 -0.843411264 -0.0974827425 0.2645739141 -0.01672231803 1.994513684 0.3604517221 0.3439316275 2.433729426 0.1121608371 0.2735307333 -0.04458714044 0.02069369566 0.04060393922 -0.0741375276 0.01798882442 -0.1065084022 0.1813365206 0.0809278542 -0.2200594855 0.1627839629 -0.08783279076 -0.4250034468 0.1166566273 -0.07050653258 -0.4230921396 0.1431478514 -0.05964021619 -0.3332218283 0.06293962203 -0.04387961118 -0.200311471 0.1518569083 -0.04242179131 -0.2441678719 0.169398676 -0.07549113159 -0.32681409 0.2209355659 -0.08002827362 -0.333850292 0.06289448868 -0.1035632595 -0.1682598215 0.1201734413 -0.05546232102 -0.1806282466 0.1182019042 -0.06432805891 -0.3190068861 0.1792429907 -0.1391844867 -0.3210801685 -0.144582539 -0.1951306634 -0.843411264 -0.05221560742 0.2214112769 -0.01672231803 1.999765296 0.2336506616 0.3439316275 2.449157351 -0.1195800849 0.2735307333 -0.01639114892 -0.03786744905 0.04060393922 -0.06701237454 0.02601884583 -0.1065084022 0.1803595053 -0.03953264437 -0.2200594855 0.1774404299
0.6383742525 -0.2265773669 0.04081098643 0.7147917726 -0.2431506678 0.6652736838 0.7279612368 -0.4310224446 0.579335428 0.715883871 -0.2551368314 0.5992526091 0.7328083493 -0.280255943 0.7757885501 0.7462269352 -0.4185568344 0.7367601644 0.6404343463 -0.4098684855 -0.04429045409 0.6557272463 -0.1778098784 -0.03752472213 0.6233990547 -0.1554378659 0.06008501744 0.6072403083 -0.3124760467 0.09259326094 0.4266335045 -0.269734035 -0.5546115465 0.3197925238 0.2602358102 -0.6040711713 0.3083753905 0.1199329055 -0.3622253348 0.2774825105 0.1054911981 -0.6460966259 0.4846109376 0.1139203867 0.8017464542 0.5090852446 -0.001768769013 0.4620466904 0.5537838567 -0.1119572474 0.6860487298 0.5917244433 -0.5522511516 0.597344282 -0.6099633087 -0.2265773669 0.1926966136 -0.5344108732 -0.2431506678 0.8172645661 -0.5678033202 -0.4310224446 0.7369915129 -0.5513023589 -0.2551368314 0.7534315598 -0.5254013548 -0.280255943 0.928875324 -0.5477870975 -0.4185568344 0.8942032623 -0.6323698453 -0.4098684855 0.1105720358 -0.6455942077 -0.1778098784 0.1208074721 -0.5908032824 -0.1554378659 0.2078174011 -0.567320795 -0.3124760467 0.2355024831 -0.5471770637 -0.269734035 -0.4361277056 -0.45531318 0.2602358102 -0.5097638143 -0.3862367274 0.1199329055 -0.277711658 -0.424314899 0.1054911981 -0.5607087124 -0.2782207411 0.1139203867 0.8945604267 -0.3834378952 -0.001768769013 0.570640264 -0.3731187664 -0.1119572474 0.7988252661 -0.4312229352 -0.5522511516 0.7218066142
-0.2833559363 -0.128277867 0.2842537235 -0.2520147798 -0.1182483636 0.2693173996 -0.199010683 -1.174896718 0.3415990645 -0.1463367047 -0.9610829959 0.2353257475 -0.1996562746 -0.9408166609 0.2026396716 -0.2314945112 -0.8197758451 0.04499142311 -0.1823419452 -0.8196462649 0.4985040921 -0.1957839494 -0.9141425875 0.3539858145 -0.2517663031 -0.8529483629 0.225436179 -0.3066838516 -0.8661590589 0.1805926175 -0.5935746866 -0.8354291269 0.2479400934 -0.7337145419 -0.00735367337 0.1294599251 -0.7273341215 -0.4650696284 0.2380099407 -0.8095918106 -0.8763181425 -0.4137829165 -0.5808052443 -0.8270517704 0.5188862265 -0.5105870772 -0.6793627973 -0.1920162093 -0.4740726714 -0.9439784165 0.3735747772 -0.4700619753 -1.304638841 0.1943653592 0.3432503476 -0.128277867 0.2080143381 0.3092419889 -0.1182483636 0.2010291105 0.2751167913 -1.174896718 0.2839118243 0.1984962298 -0.9610829959 0.1933698149 0.2424223564 -0.9408166609 0.1488518243 0.2355290912 -0.8197758451 -0.0118314868 0.2965587612 -0.8196462649 0.4402360912 0.2749544284 -0.9141425875 0.2967109267 0.2984784464 -0.8529483629 0.1584877257 0.3410406761 -0.8661590589 0.1017837686 0.6357106565 -0.8354291269 0.09837255562 0.743351411 -0.00735367337 -0.05025515807 0.7631864427 -0.4650696284 0.05665783063 0.6867502646 -0.8763181425 -0.5958433316 0.6882841719 -0.8270517704 0.3644757145 0.44964675 -0.6793627973 -0.3088481637 0.5498212116 -0.9439784165 0.2489972835 0.5029547504 -1.304638841 0.07597810543
0.2939945004 0.3844837346 1.20507948 0.1242125664 0.3844707766 -0.4308716446 0.2075412641 -0.3297685174 -0.4725822082 0.2285869216 0.1548029232 -0.537120976 0.1838806912 0.1235805867 -0.3676532121 0.168412699 -0.2139886556 -0.4417721487 0.3483736993 -0.2510809728 1.185780942 0.3389774555 0.2191394664 1.148620144 0.3488376613 0.1902171775 1.307543586 0.3412704032 -0.2829900841 1.236732862 0.3702384319 -0.1178401861 0.5586423605 0.3904722965 0.4985596175 0.4454552969 0.2924273263 0.1902171775 0.1679621075 0.2755038322 -0.02127706022 -0.2916187745 0.2095212106 0.1641780469 0.01404526424 0.150074092 0.190631834 -0.5145703725 0.2502325712 0.193242874 -0.4498328824 0.19727883 -0.3070401595 -0.4340981207 0.003549949153 0.3844837346 1.24041796 -0.2239076899 0.3844707766 -0.3885157425 -0.3148070486 -0.3297685174 -0.4090279232 -0.350714496 0.1548029232 -0.4666371887 -0.2666757697 0.1235805867 -0.3128338645 -0.2694321057 -0.2139886556 -0.3884994323 -0.05387032611 -0.2510809728 1.2347221 -0.05365904117 0.2191394664 1.196392351 -0.02512318359 0.1902171775 1.353043521 -0.03475646742 -0.2829900841 1.282484171 -0.2254792399 -0.1178401861 0.6311235186 -0.272263995 0.4985596175 0.5260906318 -0.2436198569 0.1902171775 0.2331831383 -0.3373934038 -0.02127706022 -0.2170473733 -0.2000404136 0.1641780469 0.06387675702 -0.2690848835 0.190631834 -0.463571167 -0.3507977383 0.193242874 -0.3767053339 -0.2956158933 -0.3070401595 -0.3741274633
-0.0186012563 0.5879310452 0.4190807571 -0.01461252713 0.5572205502 0.609455077 -0.07328789551 0.5913325241 0.5927646029 -0.02785797199 0.7737489767 0.6089489062 -0.06129642376 0.768773099 0.6070721351 -0.07171450424 0.6350593448 0.5896102633 -0.1039877639 0.6559476646 0.4301692003 -0.08333532795 0.7847049782 0.4502133448 -0.09631251894 0.8346905201 0.3181312848 -0.1442320631 0.791618079 0.3367458758 -0.476846169 0.8783849458 0.2513354082 -0.7042137426 1.131377226 0.1909475963 -0.7099097973 0.6887055259 0.7598966001 -0.6365380844 0.03300406357 0.1890424361 -0.4087230199 0.1742788194 1.057447322 -0.3509666053 0.5460636995 0.5689820801 -0.3822737087 0.3679428288 0.464169199 -0.3924554834 0.6002217222 0.317160786 0.118550288 0.5879310452 0.4023934852 0.1603279519 0.5572205502 0.5881700134 0.2132892183 0.5913325241 0.5578966746 0.1730655801 0.7737489767 0.5845024739 0.2050784182 0.768773099 0.5746622236 0.2110053496 0.6350593448 0.555211649 0.2041045149 0.6559476646 0.392683515 0.1888610251 0.7847049782 0.4170951281 0.1697875314 0.8346905201 0.2857548072 0.2207726109 0.791618079 0.2923356413 0.5232019089 0.8783849458 0.1296592412 0.7294554913 1.131377226 0.0165126057 0.8714141268 0.6887055259 0.5674964165 0.6632974594 0.03300406357 0.030891033 0.6503645436 0.1742788194 0.9285878018 0.4771637012 0.5460636995 0.4682232029 0.4824242365 0.3679428288 0.3589611256 0.4570576811 0.6002217222 0.2138002497
0.03845610585 0.954066231 -0.6009999508 0.1097013002 0.9721556195 -0.3669967733 0.1994621876 -0.4133153174 -0.3529130368 0.2750962883 0.0009070610324 -0.5323950476 0.3213941292 0.1210019417 -0.4210079597 0.07988764143 0.02324667846 -0.5607619276 0.1386575191 -0.04819085685 -0.4635016613 0.1857612751 0.04045492205 -0.6090624595 0.2412295575 0.0221387682 -0.4829128877 0.1385716147 -0.1799220348 -0.5761301571 0.09192474164 -0.2821478132 0.5927963087 0.07833510539 0.4336853166 0.7567295073 0.1448474991 -0.2012379691 1.094315605 -0.1047458766 -0.6385904039 -0.2546843927 0.205638786 -0.509586888 1.570950866 0.4810940452 -0.2208499244 1.017907813 0.339534067 -0.1256927431 -0.691382206 0.0927699685 -0.5054856764 -0.5785621559 -0.1814484221 0.954066231 -0.5742440971 -0.1945031863 0.9721556195 -0.3299841169 -0.2782681101 -0.4133153174 -0.2947874399 -0.3947336976 0.0009070610324 -0.4508966206 -0.4129711745 0.1210019417 -0.3316575002 -0.212022465 0.02324667846 -0.5252451323 -0.2457555843 -0.04819085685 -0.416729997 -0.3263892157 0.04045492205 -0.5467489467 -0.3499896739 0.0221387682 -0.4109790562 -0.272679469 -0.1799220348 -0.5260931072 0.05290433344 -0.2821478132 0.5975439342 0.1054071674 0.4336853166 0.753435641 0.121785359 -0.2012379691 1.097121583 0.0406188835 -0.6385904039 -0.2723709692 0.1770604589 -0.509586888 1.574428001 -0.2229729395 -0.2208499244 1.103571866 -0.4954151424 -0.1256927431 -0.5897936707 -0.2287972766 -0.5054856764 -0.5394369672
0.02080451582 0.04883227858 0.3234465029 0.05546664096 0.03082711709 0.3362294236 0.06807960933 0.689644982 0.4637900112 -0.04459189591 -0.01767473212 0.3756623 -0.1291192847 -0.1107456731 0.3311233243 -0.1183288499 0.4416415377 0.3235057762 -0.06816052878 0.4754489982 0.42540694 -0.193836325 -0.2311580251 0.3561143129 -0.1455991838 -0.2849402653 0.4157011906 -0.07137682053 0.4045816155 0.2902332377 0.362111452 0.3473784594 0.451441439 0.5073124885 -2.028564251 0.3683625918 0.2212250942 -1.369837092 -0.9051700293 0.07299698259 -1.058598536 0.595118684 0.06951926818 -0.9280724534 0.2540694897 0.2699327496 -0.7049224814 1.309809569 -0.1848057291 -0.5946109018 -0.6681336949 0.1384098549 0.6977890942 -0.1684779437 0.05736197703 0.04883227858 0.318998545 0.02677636168 0.03082711709 0.339720179 0.04511924394 0.689644982 0.4665836062 0.1333712908 -0.01767473212 0.3540094626 0.2047525179 -0.1107456731 0.2905010361 0.1924502803 0.4416415377 0.2856931808 0.1681806083 0.4754489982 0.3966512388 0.2735740212 -0.2311580251 0.2992443477 0.2410326074 -0.2849402653 0.3686595779 0.1388896462 0.4045816155 0.26465005 -0.2432951683 0.3473784594 0.5251014546 -0.4041814497 -2.028564251 0.4792643485 -0.4318222488 -1.369837092 -0.8257135519 0.07183675136 -1.058598536 0.5952598497 -0.00656747458 -0.9280724534 0.2633269878 0.05202300522 -0.7049224814 1.336322717 0.01920159545 -0.5946109018 -0.6929553309 -0.1747711575 0.6977890942 -0.1303731105
-0.3594757569 -0.6988710885 0.2850053956 -0.3752867394 -0.6547101742 -0.4067208496 -0.5028421117 -0.2560633295 -0.693830282 -0.5197514667 -0.2180380352 -0.6618038638 -0.3908258638 -0.2857047882 -0.01382879099 -0.3217179203 -0.2859380325 -0.02739068756 -0.3595302445 -0.318903222 -0.1068102536 -0.4100262198 -0.2640713826 -0.09820863858 -0.3642170649 -0.1801552791 0.5009077224 -0.2854066591 -0.2145393712 0.5344509551 -0.263360821 -0.3899779329 -0.4439012891 -0.1884866245 -0.12564739 -0.4537446967 0.4326091327 0.6089359871 -0.7567189729 0.3576221027 1.242686572 0.2161647378 0.2036514719 1.079707142 1.395200986 0.01677282755 0.5813872478 1.433175672 -0.3231983377 0.4873638927 0.1319119851 -0.0221892378 -0.216107291 0.148387249 0.4173295839 -0.6988710885 0.1904912432 0.2668096492 -0.6547101742 -0.4848449209 0.3217973237 -0.2560633295 -0.7941644238 0.345892983 -0.2180380352 -0.7671270987 0.3761073341 -0.2857047882 -0.1071417966 0.3057636257 -0.2859380325 -0.1037365664 0.3234286738 -0.318903222 -0.1899060819 0.3745139959 -0.2640713826 -0.1936638956 0.4737039648 -0.1801552791 0.3989576048 0.4052362467 -0.2145393712 0.4504202136 0.1492336883 -0.3899779329 -0.494101794 0.07418361946 -0.12564739 -0.4857038686 -0.6014418622 0.6089359871 -0.6309056602 -0.295353998 1.242686572 0.2956125472 0.1368465789 1.079707142 1.403329159 0.3273789408 0.5813872478 1.395384127 0.3454001747 0.4873638927 0.05056339194 0.05712376198 -0.216107291 0.1387372111
-0.4419730309 -0.2173447814 -0.1464396379 -0.3053255595 -0.2019571389 0.8045073541 -0.1671823999 -0.3600060448 0.6581573562 -0.006610205919 -0.05744287938 0.744959619 -0.3832310617 -0.2133083598 0.7761095343 -0.2503849223 -0.1095211407 0.8867632774 -0.4421759925 -0.2173642184 -0.1947102889 -0.4002973348 -0.1222459111 -0.08356753009 -0.361972607 -0.2660798749 -0.01648936228 -0.2726944321 -0.4312168148 -0.03731402579 0.01075008807 -0.4049573979 1.122395468 0.4310823071 0.3726854622 1.082439693 0.5814380744 0.2695137488 0.2548746056 0.9680348442 1.153723322 -0.5868623376 0.4441870222 0.83723677 -0.2443454254 0.2609975669 0.2083389611 -0.2211241198 0.2121915139 0.3323342043 -0.7871916093 -0.4944908403 -0.3680464929 -0.646031316 0.3939633928 -0.2173447814 -0.2481482879 0.4893310583 -0.2019571389 0.7078212312 0.3201248942 -0.3600060448 0.5988665231 0.1850518513 -0.05744287938 0.7216400356 0.5581540968 -0.2133083598 0.6615709033 0.4557175557 -0.1095211407 0.8008515648 0.3825855724 -0.2173642184 -0.2950592902 0.3685797592 -0.1222459111 -0.1771170501 0.3474579027 -0.2660798749 -0.1028059975 0.2557908931 -0.4312168148 -0.101615003 0.2587037149 -0.4049573979 1.092226872 -0.1589461607 0.3726854622 1.154228644 -0.5033577706 0.2695137488 0.3868620603 -1.080516232 1.153723322 -0.3376144782 -0.4898194728 0.83723677 -0.1307045587 -0.3064063918 0.2083389611 -0.1520879001 -0.3947620813 0.3323342043 -0.7133433727 0.3251514589 -0.3680464929 -0.7457574546
0.2751552375 0.2110925393 -0.1157984013 0.2319079241 0.1632321118 0.109291607 0.05181332169 -0.6470843825 -0.2955127776 0.1141695671 0.5421957321 -0.1424616791 0.3583096567 0.4129719301 0.5507921607 0.2340201675 -0.3843411965 0.4284648712 0.148681499 -0.4580269473 -0.4545842625 0.3167592659 0.8123379446 -0.4439918403 0.3949673979 0.831120587 0.09676222625 0.2390729728 -0.3837256908 0.2890161558 0.1983792454 -0.1649944018 -0.2332110731 0.3763896509 -2.082586214 -0.1217138077 -0.54395835 0.3705473898 -0.09181694678 -1.294710739 0.6540752315 -0.2567979156 -0.4781636048 0.7509428707 0.162666849 -0.4716712982 0.5503916765 -0.3816994967 -0.9674257766 -0.1492050608 -1.09401413 -0.4020127429 -0.4040632949 -0.4597059894 -0.2948948626 0.2110925393 -0.04644022475 -0.1989347834 0.1632321118 0.161712376 -0.1211629062 -0.6470843825 -0.2744667051 -0.1449996283 0.5421957321 -0.1109284809 -0.2157808978 0.4129719301 0.6206419406 -0.1244505727 -0.3843411965 0.4720801199 -0.2533487996 -0.4580269473 -0.4056691085 -0.4139828596 0.8123379446 -0.355082214 -0.3602413581 0.831120587 0.1886487152 -0.1627944863 -0.3837256908 0.3379114971 -0.2485133275 -0.1649944018 -0.178837512 -0.3945941789 -2.082586214 -0.02790796043 0.506071268 0.3705473898 -0.2195743836 1.195359207 0.6540752315 -0.5597655162 0.5032189987 0.7509428707 0.04326171623 0.3663820386 0.5503916765 -0.4836657121 0.6768661354 -0.1492050608 -1.294075649 0.2800505583 -0.4040632949 -0.5426928477
0.04146406493 0.5124117352 -0.1828726526 0.05197155295 0.5122432811 0.2176090502 0.1651142235 -0.6830169574 0.09323431596 0.3375555913 0.2074513371 -0.1065215447 0.2430903964 0.3369342995 0.1261601813 0.03022683441 -0.2045293048 0.08702117342 0.02805068041 -0.1934113281 -0.1261451876 0.1845512623 0.2239468899 -0.2798871072 0.1953015085 0.1440024179 -0.07663810094 0.08664671507 -0.2579875947 -0.1386709579 -0.1635317179 -0.4485805546 0.5853648744 0.08168151744 1.623917845 0.3798780304 0.1773091449 0.1478509483 -1.913242144 -0.4646897048 -0.08159013987 1.960690885 -0.3049704659 -0.03799937825 0.04752459174 -0.1721416152 -0.07577847025 -0.229299485 0.05879466926 0.1064630492 -0.003423220576 -0.1119719427 -0.7677234998 -0.281054203 -0.08410552204 0.5124117352 -0.1675945611 0.001725398717 0.5122432811 0.2237225157 -0.1379402092 -0.6830169574 0.130107045 -0.353250154 0.2074513371 -0.02247099047 -0.2057460726 0.3369342995 0.1807702569 -0.008478072323 -0.2045293048 0.0917304117 -0.05748075166 -0.1934113281 -0.1157385511 -0.2462812677 0.2239468899 -0.2274675766 -0.2079806186 0.1440024179 -0.02757063657 -0.117370787 -0.2579875947 -0.1138480837 0.2991257512 -0.4485805546 0.5290731933 0.01179285203 1.623917845 0.3883814065 -0.6309140363 0.1478509483 -1.814905373 0.9212879191 -0.08159013987 1.792058548 0.307468784 -0.03799937825 -0.02699108614 0.1121353911 -0.07577847025 -0.2638875586 -0.05790016654 0.1064630492 0.01077507713 0.04131088672 -0.7677234998 -0.2997041735
-0.2327107249 1.057821055 0.07463730147 -0.3225067838 1.052151924 0.2342811996 -0.2918382796 -0.2497009442 0.153674521 -0.4153724548 -0.1875283895 -0.2587401719 -0.1316743376 0.01582173601 0.5073141596 -0.1603292015 0.3622477813 0.1228689611 0.01796799997 0.4265065765 0.07730710156 -0.0769217537 0.1070915129 -0.3130000714 0.1937487169 0.3871919597 0.2574021774 0.09539070735 0.4764856394 -0.0720251858 -0.2072738777 0.4418618239 -0.7813661322 0.01424045316 0.04250876738 -0.8520619806 1.456617929 0.322395407 -0.02172810244 1.257398245 -0.5839270186 -0.0009764647585 0.2096565447 -0.8593820172 0.5544820299 -0.07806124328 -0.2879724408 -0.9585026324 -0.9866723809 -0.7423063539 -0.4812217504 -0.6474588258 -0.7260829195 0.2922319413 0.2438186317 1.057821055 0.01665782344 0.3692759983 1.052151924 0.1501117689 0.3201735168 -0.2497009442 0.07921085157 0.3412102593 -0.1875283895 -0.3507938308 0.2494819764 0.01582173601 0.4609387499 0.185114381 0.3622477813 0.08083873081 0.001093759803 0.4265065765 0.07936019572 -0.0003770249265 0.1070915129 -0.3223132928 -0.1263733279 0.3871919597 0.2963515282 -0.1098786231 0.4764856394 -0.04705000122 0.0138621237 0.4418618239 -0.8082718196 -0.2181416492 0.04250876738 -0.8237879765 -1.419330676 0.322395407 0.3281894769 -1.220947259 -0.5839270186 0.3005646192 -0.07058000724 -0.8593820172 0.5885785001 -0.1540563888 -0.2879724408 -0.9492562789 0.8424932179 -0.7423063539 -0.7037769092 0.6986434827 -0.7260829195 0.1284512462
-0.5746901549 0.6197883245 -0.006170485825 -0.4593489179 0.6307119309 0.236704026 -0.1516698566 -0.1180086403 -0.017411998 -0.2316269631 -0.4228200213 -0.5331960124 -0.2333216061 -0.4727666891 0.7391988469 -0.4615132819 0.2842534905 0.2402217027 -0.5640958745 0.2170661841 -0.08101724542 -0.5685819153 -0.5768972956 -0.5716044403 -0.1447220176 -0.3063404267 0.5508340612 -0.1591431319 0.1438728378 0.1537962924 0.785306905 0.3284338418 -0.1302388105 1.093430254 -0.1964240666 -0.021210214 0.3252344171 0.06856085604 0.1865079623 -1.153437294 -0.2506533583 -0.009778181132 -0.5889321887 -0.01513496123 0.4611318073 -0.2386493213 0.183647464 -0.7707437058 1.329178979 0.8322608923 0.3103030785 1.146422086 0.301312717 0.364922258 0.5564436971 0.6197883245 -0.1437959005 0.502706676 0.6307119309 0.1196504166 0.1430695857 -0.1180086403 -0.05327303947 0.09701362153 -0.4228200213 -0.5731818166 0.4037674687 -0.4727666891 0.661684017 0.5056514004 0.2842534905 0.1225464689 0.5282109412 0.2170661841 -0.2139185623 0.4149277789 -0.5768972956 -0.6912683769 0.2725846589 -0.3063404267 0.5000602254 0.1913790066 0.1438728378 0.1111481526 -0.7936253144 0.3284338418 0.06187037367 -1.066614972 -0.1964240666 0.2416031741 -0.2710226604 0.06856085604 0.2590547501 1.117440547 -0.2506533583 -0.2860766087 0.682325028 -0.01513496123 0.3064575384 0.04686933591 0.183647464 -0.8054828514 -1.215991773 0.8322608923 0.6199748116 -1.025469711 0.301312717 0.6291770222
-0.279548056 0.5033476039 0.005758247929 -0.2074405667 0.5178735385 0.06137222429 -0.1533367927 -0.1006837746 0.1975285454 0.1817535816 1.122196472 0.4702624454 -0.257568073 0.949738254 -0.3961213177 -0.2398518364 0.1031004444 -0.2539931172 -0.1317870827 -0.09072554027 0.2276636817 0.131364127 0.9840575561 0.4122974621 -0.01494909056 0.6377092589 -0.2612724981 -0.2872260911 -0.834593335 -0.2421866941 -0.533743142 -2.192133271 -0.1516136298 -0.1391186803 -1.640316213 0.1799689409 0.5284362721 -0.3640295084 -0.2320148394 0.4285919851 -0.2631643215 -0.1464255764 0.07823247645 -0.1556840682 0.4856507931 -0.3878944564 0.05899784115 -0.3668002495 0.796702194 1.052981237 0.9523849487 -0.1106887277 0.09465829774 0.2127495831 0.2727728968 0.5033476039 -0.06144281766 0.216104897 0.5178735385 0.009839313316 0.1962286639 -0.1006837746 0.1549968053 -0.06368621089 1.122196472 0.5001251829 0.1550671462 0.949738254 -0.4463267757 0.1719488305 0.1031004444 -0.304097035 0.182533806 -0.09072554027 0.1894201594 -0.02866636297 0.9840575561 0.4317684226 -0.04813781022 0.6377092589 -0.2572344161 0.2207719932 -0.834593335 -0.3039949822 0.4818153956 -2.192133271 -0.2751769593 0.1782147386 -1.640316213 0.1413588831 -0.568653953 -0.3640295084 -0.09853152353 -0.4511991436 -0.2631643215 -0.03938111062 0.04050460654 -0.1556840682 0.490241155 0.2886221253 0.05899784115 -0.4491122367 -0.5450848685 1.052981237 1.115640606 0.1584747402 0.09465829774 0.1800003786
-0.5034186585 0.1285046323 0.02725056309 -0.5393398757 -0.01705922642 0.1533916317 -0.3326715395 -0.4423671865 -0.103326624 -0.1637012259 0.6532783136 0.01714410709 -0.3774363347 0.5819897954 0.06005731082 -0.3608593142 -0.8735710433 0.3316961932 -0.3125925813 -0.6843321959 -0.1989845595 -0.05896269177 1.204006898 0.06014685827 -0.07078004535 0.8771150604 0.1385230552 -0.04842071908 -0.5762169999 0.2978880433 0.7592899469 -0.03743570461 -0.435025968 1.088923863 0.9924089966 -0.8429359535 -0.1427657893 -0.272358033 0.4009596485 -0.08215537729 -0.6804707075 -0.1606917215 -0.3324593174 -0.8347553101 -1.044370953 0.5326525796 -0.2949503317 1.254617134 0.2061261565 -0.04031886289 0.2910527738 -0.6038169913 -0.715146355 -0.2546872249 0.4952656389 0.1285046323 -0.09425967228 0.5603863134 -0.01705922642 0.0195875973 0.2981889256 -0.4423671865 -0.180083617 0.1630361724 0.6532783136 -0.02261013585 0.3808256614 0.5819897954 -0.03220066686 0.4298688014 -0.8735710433 0.2354880524 0.2557578819 -0.6843321959 -0.2681359407 0.07166509627 1.204006898 0.04425333385 0.1019315684 0.8771150604 0.1175091783 0.1184388512 -0.5762169999 0.2775861864 -0.8414525841 -0.03743570461 -0.2402631162 -1.259282372 0.9924089966 -0.5572289557 0.2347469915 -0.272358033 0.3550275486 0.04122605429 -0.6804707075 -0.1757035794 0.07232907474 -0.8347553101 -1.093621685 -0.2162665018 -0.2949503317 1.345738357 -0.1303205452 -0.04031886289 0.3319883507 0.5251287052 -0.715146355 -0.3920464061
-0.05341642581 -0.8175600246 0.1345501025 -0.08468160358 -0.8730073697 -0.02454246365 -0.1277282215 -0.3305006452 0.378972557 0.2916462849 0.1295023994 0.9127856421 -0.2860796882 -0.02518390167 -0.8233177729 -0.4393787255 0.03152684988 -0.4622852012 -0.2908169048 -0.02942117249 0.6260995366 0.1084250998 0.07486493021 0.9635463923 -0.123496237 0.1279344796 -1.02201022 -0.1648950226 0.3391825151 -0.5142508751 0.7509806812 0.935639934 -0.5124445195 0.7631982264 0.1833299927 -0.4463233773 0.4751780012 0.2735242543 -0.1612301439 -0.6655858519 0.4452633028 0.133697458 -0.3298698688 0.2230916609 1.176015859 0.2032038144 -0.2587067645 -0.6069540595 0.3775921482 -0.5144461436 -0.4506113839 -0.4042484086 -0.1708967775 -0.6122858531 0.08412186227 -0.8175600246 0.1178157754 0.07632592323 -0.8730073697 -0.04413230053 0.2148758478 -0.3305006452 0.3372878111 -0.06425973359 0.1295023994 0.9560888404 0.08030912122 -0.02518390167 -0.8678964156 0.3157079009 0.03152684988 -0.5541568306 0.4324651375 -0.02942117249 0.538097581 0.1257878584 0.07486493021 0.96143386 -0.125175519 0.1279344796 -1.021805901 0.03677148462 0.3391825151 -0.538787703 -0.8519500051 0.935639934 -0.3174154342 -0.8479558532 0.1833299927 -0.2502937491 -0.4999759926 0.2735242543 -0.04258284804 0.6782265264 0.4452633028 -0.02980462054 0.6022436174 0.2230916609 1.062605315 -0.3428172864 -0.2587067645 -0.5405194989 -0.4746282225 -0.5144461436 -0.3469214609 0.2456337421 -0.1708967775 -0.6913572206
0.6641191308 -0.1617613771 -0.131746116 0.3196867898 -0.1410350325 -0.02605875888 -0.3008627332 -0.03500607685 -0.03645139219 -0.7424408049 -0.6275631333 0.0296420358 0.1091781639 -0.08547754429 -0.2121772147 -0.1155720474 0.09362813557 -0.07949809726 0.2965071927 0.069403127 -0.06339313339 0.6128351205 0.02747099127 -0.07924134711 0.5571583072 -0.1415274371 -0.1187807309 0.5244829135 0.01907419771 -0.1375174693 0.7102204858 0.1015584406 0.6595349157 0.556619698 0.04952553237 0.4796118182 1.005701547 0.08746659956 0.1051724769 0.4555466117 0.6903641518 -0.3025036029 -1.685432869 -0.2728310005 -0.03391782042 -1.618338135 -0.382138334 0.5580623589 -0.4433243206 0.173047808 0.8489498645 -0.417640008 0.3721023515 0.06904354155 -0.6763346835 -0.1617613771 0.03134732496 -0.3166084426 -0.1410350325 0.05135948396 0.2833442235 -0.03500607685 -0.107532038 0.7278876649 -0.6275631333 -0.1492532957 -0.156870999 -0.08547754429 -0.1798069286 0.09313726693 0.09362813557 -0.1048918258 -0.3030575616 0.069403127 0.009556100522 -0.6139567431 0.02747099127 0.07002280823 -0.5693855072 -0.1415274371 0.01828621253 -0.5421563305 0.01907419771 -0.00773913398 -0.5313490598 0.1015584406 0.8105970763 -0.4253735536 0.04952553237 0.5990912487 -0.9511403748 0.08746659956 0.3432620545 -0.5147934403 0.6903641518 -0.1844420208 1.628126459 -0.2728310005 -0.4370796353 1.704940674 -0.382138334 0.1537179716 0.6339605538 0.173047808 0.717876272 0.4220111912 0.3721023515 -0.03311708629
0.3436270951 0.3774280956 0.004115803929 0.0488046715 0.3444953011 0.0930277917 0.05686035378 1.056959347 0.4227660967 -0.4106312937 -0.7395139017 -0.01727686621 -0.2246876801 -0.4219388763 -0.004195255387 0.09415783252 1.050389634 -0.1717979256 0.3916312502 0.98572914 0.3264629535 0.08632969105 -0.7516814776 0.1813758853 0.2953849999 -0.7680344922 0.1324262541 0.31683402 0.01460368262 -0.3078141819 -0.1211913033 -1.849672378 -0.3150210428 0.4925270354 0.4021584668 -0.4912859758 0.5365789084 -0.1033012936 0.1962270359 -1.261549186 -0.1306815787 0.006926455396 0.1459177654 0.7291410109 -0.4388457514 0.7168308046 0.7665831946 0.3368426209 -0.3793023571 0.7842190526 -0.02598960354 -1.157818436 -0.3117827929 -0.4247609273 -0.332614695 0.3774280956 0.08639435712 -0.02507356094 0.3444953011 0.1020165797 0.04617401351 1.056959347 0.4240663071 0.3945081151 -0.7395139017 -0.1152384336 0.2171263368 -0.4219388763 -0.05795090702 -0.1326063081 1.050389634 -0.1442074606 -0.3019224111 0.98572914 0.4108478476 -0.04031870742 -0.7516814776 0.1967852361 -0.2550124116 -0.7680344922 0.1993932818 -0.3814012762 0.01460368262 -0.2228596719 0.04211633108 -1.849672378 -0.3348907345 -0.5959632301 0.4021584668 -0.3588490198 -0.4738705407 -0.1033012936 0.319168741 1.226403848 -0.1306815787 -0.2957835796 -0.2468917482 0.7291410109 -0.3910524932 -0.6151451797 0.7665831946 0.4989045616 0.362003979 0.7842190526 -0.1161845807 1.022184803 -0.3117827929 -0.6900026131
-0.5921715427 0.974352003 0.1893564364 -0.5065940533 1.082577342 0.02390171168 0.1356728511 -0.6775551542 0.2570561677 0.2483015945 -0.2300630729 0.02107645948 -0.2946270747 -0.5469642816 -0.06452709589 0.2057754411 0.123852705 -0.4654069627 0.2794508484 -0.02553376806 0.4725829585 -0.05467374279 -0.5406083753 0.1313467412 0.321363881 -0.009744427091 -0.3906126495 0.3646806082 0.6102317886 -0.4157344704 0.7059195135 1.537429576 -0.2393193384 -0.257766434 -1.072314595 0.3492044741 -0.6585118457 -0.01731190771 -0.2130264951 0.2951275654 0.4747622234 0.09610127939 0.7414200425 0.7364817263 -0.5054574659 -0.5841383727 0.4476734936 0.5917420731 0.1996111107 0.8400616172 0.6927507428 -0.5175735177 -1.66082875 -0.1135769235 0.620300625 0.974352003 0.04183456302 0.4975453663 1.082577342 -0.09827225015 -0.07007482031 -0.6775551542 0.2820895521 -0.2360033468 -0.2300630729 0.08000199537 0.2705581962 -0.5469642816 -0.1332933672 -0.311372186 0.123852705 -0.4024854468 -0.1579766802 -0.02553376806 0.5258049047 0.08457435974 -0.5406083753 0.1144043804 -0.4056532916 -0.009744427091 -0.3021562394 -0.4537302175 0.6102317886 -0.3161581656 -0.7427105967 1.537429576 -0.06306405318 0.3339820257 -1.072314595 0.2772062513 0.5882176756 -0.01731190771 -0.3647164716 -0.2634728845 0.4747622234 0.1640663734 -0.8409928706 0.7364817263 -0.3129247846 0.7089902204 0.4476734936 0.4344067068 -0.02767208078 0.8400616172 0.7204043608 0.4752383812 -1.66082875 -0.2343726623
-0.2665534129 0.7191633396 -0.01697601053 -0.06137888386 0.8312566462 0.121821535 0.6201859078 0.5274365533 0.3336217676 0.4100069024 0.2749237199 0.304196004 -0.05405612711 0.1241183443 -0.06123463192 -0.01427994909 0.1220385829 -0.2118442623 -0.1711232829 -0.0832876398 0.3326979074 -0.4106248346 -0.5284796735 0.1683798944 -0.2517866826 -0.6452832185 0.05880684557 0.0489230362 -0.7977860941 -0.2810266035 0.6511203802 -1.221331764 -0.87361561 0.2470146641 0.8255745567 -0.5546730449 -0.9377098115 0.1872303551 0.08528327441 0.7316768658 0.6451212433 0.06142419722 -0.1641430232 0.219651308 -0.01382035063 -1.51268388 -0.4310937137 0.4007050566 -0.4068834194 -0.3075390431 -0.9104171759 0.9016311404 0.7047345902 -0.412879748 0.2547059108 0.7191633396 -0.08039779785 0.08879981814 0.8312566462 0.1035492447 -0.5220922704 0.5274365533 0.472603116 -0.3251013565 0.2749237199 0.3936368591 0.03779551192 0.1241183443 -0.07241024999 -0.03693499047 0.1220385829 -0.2090878162 0.245908602 -0.0832876398 0.2819575057 0.4390206371 -0.5284796735 0.06500326021 0.2585420417 -0.6452832185 -0.003285012246 -0.114883294 -0.7977860941 -0.2610962353 -0.8416086943 -1.221331764 -0.6919947898 -0.3728134268 0.8255745567 -0.4792583644 0.9308018744 0.1872303551 -0.1420591354 -0.6956009189 0.6451212433 0.2350815382 0.1560400864 0.219651308 -0.05277713117 1.564636085 -0.4310937137 0.02628655987 0.1767027118 -0.3075390431 -0.9814222856 -0.9743304513 0.7047345902 -0.1846309059
0.3421456355 -0.6382794115 -0.05602091295 -0.09284713099 -0.6823042666 -0.009229874747 -0.3711727697 0.4025536862 -0.3046174677 -0.9330722659 -0.0249506574 -0.08287451993 -0.1932098241 0.2510615358 0.1877985332 -8.15452343e-06 0.1931975209 0.346311113 0.2730394645 0.07730103699 -0.484446886 0.1231004554 0.1851181987 -0.1559827881 0.2278850807 -0.09082920438 0.1277964992 0.4087281839 -0.1231724092 0.148658234 0.6185178388 -0.00723057223 0.07705260747 0.5339047753 0.5460960946 -0.1118179714 -1.170909941 -1.292801695 -0.04417857817 0.3495808182 -1.08389906 0.1218493107 1.420314439 0.3757305957 0.8847282663 -0.894777092 -0.6585327886 -0.7562469072 -0.01852157737 0.8198017611 0.2884166832 -0.7142073181 0.1069489747 -0.5016904578 -0.3455966922 -0.6382794115 0.02765691431 0.0879250366 -0.6823042666 -0.03122448174 0.2872991631 0.4025536862 -0.3847339567 0.8859769307 -0.0249506574 -0.3041988129 0.2326052147 0.2510615358 0.1359894823 0.08305015308 0.1931975209 0.3362053823 -0.381239352 0.07730103699 -0.4048405748 -0.1569121923 0.1851181987 -0.1219135604 -0.1905920045 -0.09082920438 0.178712739 -0.3611564794 -0.1231724092 0.2423303453 -0.5819958052 -0.00723057223 0.2231194835 -0.545140801 0.5460960946 0.01946984624 1.126154522 -1.292801695 -0.3236631404 -0.310163298 -1.08389906 0.2021205867 -1.166726412 0.3757305957 1.199494348 0.6873304971 -0.6585327886 -0.9487424396 0.08714088429 0.8198017611 0.2755606979 0.5730692315 0.1069489747 -0.6583138041
0.3199173849 0.3124306936 -0.1585383665 0.3255181321 0.3775576757 -0.08797409806 0.01426436998 0.4216408419 -0.3638122096 1.517448365 0.8414481248 0.1015930195 -0.3692667378 -0.6505700885 0.1360308324 -0.0361272008 -0.5389756655 0.1577234935 -0.3149843504 -0.91543191 -0.2465274615 0.05328639167 -0.8178451009 -0.2342141643 -0.2960201671 -1.020009568 0.2993899452 0.02060360497 -0.5867194708 0.1759182977 0.004707670297 0.9647436351 0.3297667954 -0.4985161041 -0.2602422892 -0.8590309818 0.4986670202 0.2278472523 0.006910394098 0.1604773401 -0.802127029 0.003216178379 -0.3502023984 -0.1171145373 0.1501529603 -0.04152376555 0.2886138625 -0.1488439706 -0.1166163344 1.05452324 0.4893997899 -0.8616112864 1.113961654 -1.153751078 -0.3485997078 0.3124306936 -0.07719967965 -0.3371163848 0.3775576757 -0.007351146124 -0.1010870402 0.4216408419 -0.3497773669 -1.448815081 0.8414481248 0.4624992343 0.3911121714 -0.6505700885 0.04351528926 0.07289382495 -0.5389756655 0.1444588707 0.2466795171 -0.91543191 -0.3148652825 -0.1078941521 -0.8178451009 -0.2146032763 0.3591746214 -1.020009568 0.2196721873 0.02218111234 -0.5867194708 0.1757263619 0.0745047385 0.9647436351 0.321274564 0.2779839128 -0.2602422892 -0.9535079853 -0.4824611467 0.2278472523 0.1262845695 -0.1550241347 -0.802127029 0.04160334294 0.3759903994 -0.1171145373 0.0617968521 0.004620869504 0.2886138625 -0.154458403 0.2305675949 1.05452324 0.447157811 0.5598144548 1.113961654 -1.326696399
0.7296641694 0.4049185239 -0.02175368273 0.9806459211 0.3939042114 0.09562622958 -0.1005368847 -0.3939754804 0.009016874564 -0.5999175747 -0.6840017666 -0.1406381187 0.6848528014 0.1838418343 0.118073541 -0.04797802974 0.3112644723 0.01838856037 -0.4325076878 0.07152824142 0.1854197613 -0.4006384035 -0.09866880331 0.1171014685 -0.2924387854 0.2148892376 -0.01742572958 -0.2721807242 0.6520926552 0.02997855051 -0.8165576474 0.1131623428 0.07075151265 0.140852499 -0.2391207252 -0.9534202858 -0.9912235135 -1.251180551 -0.03171996141 0.9638449579 0.9237509554 0.0421718045 -1.178950968 -0.1707283233 0.133398606 0.4672905047 0.3061330985 -0.1179543631 1.071927898 0.5384379079 -0.2172057696 -0.2756679811 -0.6505571305 -0.7117270459 -0.7135922384 0.4049185239 0.1538477824 -0.9291048608 0.3939042114 0.3279862132 0.09976584196 -0.3939754804 -0.01535402175 0.548690988 -0.6840017666 -0.280389687 -0.6365589723 0.1838418343 0.2788501309 0.05098765868 0.3112644723 0.006347373653 0.4643510529 0.07152824142 0.07629867372 0.417029467 -0.09866880331 0.01761555919 0.2797282279 0.2148892376 -0.08704147165 0.2714283169 0.6520926552 -0.03616253402 0.8096997932 0.1131623428 -0.1271157462 -0.3653645286 -0.2391207252 -0.8918286994 0.9546979858 -1.251180551 -0.2684808477 -0.9256119549 0.9237509554 0.2720626267 1.176542333 -0.1707283233 -0.1531950114 -0.4819414809 0.3061330985 -0.002461006154 -1.092737898 0.5384379079 0.04616980474 0.09695961555 -0.6505571305 -0.7570647638
0.804803059 0.4952488447 -0.005186586155 0.6730543544 0.5272745782 0.003149482964 -0.2683408118 0.2805539773 0.07219174536 -1.292862777 -0.2549230242 0.2855336506 -0.04763182866 0.1884419295 0.09814085947 -0.4082812933 -0.9135076448 0.2197707259 -0.2488969763 -0.7615101318 -0.02100401918 -0.1343591517 -0.08002222008 0.1245663976 0.04888769826 -0.1021480303 0.05457764526 -0.07133169295 -0.5299374502 -0.04596964027 1.255331649 0.03974871024 -1.314598361 -1.463771421 0.03483114365 1.088355262 0.1741783969 0.4307892003 -0.1944348312 -0.04658638653 -0.3198491571 0.1709496861 -0.07129030178 -0.03227841474 -0.08921851216 0.5657309827 0.2397621469 -0.04433284703 0.5841840615 0.08959171398 -0.3301717262 -0.3409363519 0.5252142538 -0.1398042137 -0.7825662805 0.4952488447 0.1879491451 -0.6526624877 0.5272745782 0.1644498718 0.2778227735 0.2805539773 0.005739848625 1.323611308 -0.2549230242 -0.03281358167 0.06977542983 0.1884419295 0.08385588108 0.4490685208 -0.9135076448 0.1154567019 0.2365987286 -0.7615101318 -0.08007443566 0.1603090483 -0.08002222008 0.08871402421 -0.03437415869 -0.1021480303 0.06470814182 0.05822746105 -0.5299374502 -0.06173314365 -1.53393547 0.03974871024 -0.9752273455 1.682042897 0.03483114365 0.7056030361 -0.2157203611 0.4307892003 -0.1469957256 0.08621937942 -0.3198491571 0.1547911664 0.04781659369 -0.03227841474 -0.1037102859 -0.5598561498 0.2397621469 0.09261769656 -0.6463124001 0.08959171398 -0.1804568313 0.2974656162 0.5252142538 -0.2174787837
-0.1974711008 0.4818437785 -0.1006099114 -0.1953213983 0.5915787264 0.1466330711 -0.4707854679 -0.4362510036 0.3232183073 -0.8603165026 -0.330325712 0.2239828937 1.445480799 0.8446163594 -0.3439416578 -0.2119022392 -0.5338118966 -0.2559317301 -0.3657430708 -0.7100538552 0.4547506494 -0.173399047 -0.6939016898 0.1579302811 0.3255396772 -0.3158386515 -0.3276854178 -0.3022720219 -0.9922923745 -0.3388119143 0.08416188456 0.4590247145 0.7168470764 0.8418441075 -0.2303805442 -0.3613755892 -0.3510232138 0.4364064997 -0.1070924375 0.161643403 -0.3175296724 0.03181447796 0.4693343782 0.2525063544 0.07659579399 0.745783381 1.013640704 -0.1302629054 -1.175953098 0.1270403766 0.5842939424 0.3464713252 1.181136002 0.1822823204 0.1675844605 0.4818437785 -0.1450263374 0.2247840816 0.5915787264 0.09551870405 0.5345548929 -0.4362510036 0.2008982266 0.8889254483 -0.330325712 0.01115207044 -1.485782339 0.8446163594 0.01270605834 0.1443498132 -0.5338118966 -0.2992770304 0.4641174051 -0.7100538552 0.353781262 0.206210292 -0.6939016898 0.1117430924 -0.3946178827 -0.3158386515 -0.2400636189 0.2122091088 -0.9922923745 -0.4014089967 0.09018694498 0.4590247145 0.7161140054 -0.9039375047 -0.2303805442 -0.1489657864 0.3151021742 0.4364064997 -0.1881401248 -0.1492985666 -0.3175296724 0.06964688608 -0.4372743758 0.2525063544 0.1869031688 -0.7552606839 1.013640704 0.05236960232 1.281752504 0.1270403766 0.285264122 -0.292653243 1.181136002 0.2600448094
-0.4303141977 0.698436995 -0.0120357097 -0.6409416623 0.5950709113 -0.06331297444 0.08370132265 0.1449159579 -0.3202155059 -0.2461709248 -0.02331146853 0.2190918682 -1.302211753 -1.037379787 0.02559553129 0.1944858342 -0.05389886235 0.1363434108 0.6376086641 0.3070855125 -0.3374102121 0.7777270634 0.3750632579 -0.008206628078 0.1065118328 -0.1112834307 -0.1696629824 0.397994789 -0.0002267652581 0.2630645534 0.448288632 -0.4989742739 0.1289526631 0.1147342933 -0.1401798036 0.1386541162 -0.9809465225 -0.2193727107 -0.2088308985 0.5571116593 0.8631204044 0.1292977771 -0.8117409027 0.05480592338 0.4722947588 1.41920626 0.2387773378 -0.5328964769 -0.407102231 -1.130664535 0.7642868539 0.2329547796 0.8102452252 -0.3632393341 0.4148735434 0.698436995 -0.1148699704 0.6070600424 0.5950709113 -0.2151577379 -0.1580440493 0.1449159579 -0.2908022698 0.291525008 -0.02331146853 0.1536702335 1.27035674 -1.037379787 -0.2874096936 -0.1561177241 -0.05389886235 0.179001457 -0.6999140397 0.3070855125 -0.1746734003 -0.7570044171 0.3750632579 0.1785246382 -0.1440879354 -0.1112834307 -0.1391724291 -0.3233026472 -0.0002267652581 0.3508250413 -0.4042879501 -0.4989742739 0.2326859264 -0.07813888252 -0.1401798036 0.1621210567 0.9022512481 -0.2193727107 -0.4379601688 -0.5098532637 0.8631204044 0.2591157379 0.9013099758 0.05480592338 0.2638673148 -1.505584008 0.2387773378 -0.1770363168 0.5784938439 -1.130664535 0.6443690667 -0.313259693 0.8102452252 -0.2967812459
-1.526295421 -0.6049578766 0.3375998537 -1.491679241 -0.3980896501 0.05859083153 0.02567690678 0.711647691 0.1536961098 0.05153468979 -0.1198033254 -0.05328813834 1.670244958 0.7201222327 -0.01035357215 0.5227623854 0.04456261272 0.1395437328 0.2554443835 -0.2924429559 0.0261769183 0.835149282 -0.3143290428 -0.3700520368 0.2856030754 -0.5172062007 0.2638627968 0.2704057435 0.2463318604 0.04702521384 0.04617078589 -0.008630037823 -0.5320334782 -0.6648011444 0.04652575196 0.2107297897 0.09521586445 -0.6041156056 0.002680712726 0.1623030752 0.06617010232 -0.001217169725 -0.8466226251 0.04282623875 0.1432460597 0.1369318639 -0.1367524087 -0.09000943298 0.5403551614 0.2506404003 -0.3056093133 -0.5719107074 0.2894431755 -0.432671491 1.562718454 -0.6049578766 -0.03824144474 1.462208405 -0.3980896501 -0.3008096158 0.01192714896 0.711647691 0.1553690472 -0.06280915115 -0.1198033254 -0.03937588693 -1.623997537 0.7201222327 0.3904579577 -0.4740492581 0.04456261272 0.2608261218 -0.2417146985 -0.2924429559 0.08666642157 -0.8995185363 -0.3143290428 -0.1589944529 -0.2139985986 -0.5172062007 0.324649491 -0.2512403239 0.2463318604 0.1104940564 -0.1724004939 -0.008630037823 -0.5054398412 0.6959363615 0.04652575196 0.04516842556 -0.09179509037 -0.6041156056 0.02543439494 -0.1578596795 0.06617010232 0.03773713423 0.8562711414 0.04282623875 -0.0639455653 -0.1545202566 -0.1367524087 -0.054548361 -0.5978723851 0.2506404003 -0.1671208065 0.4514743022 0.2894431755 -0.5571870699
-0.4107012031 0.6544186189 -0.01980382951 -0.08292528499 0.5638226588 0.01807481655 0.6081677516 0.2552988066 -0.2781643778 -1.235151646 -0.6312367305 0.4214162089 0.3128840717 -0.08403920466 -0.1314584865 0.9021493768 -0.3018180795 0.1486150537 0.4382997091 -0.2629181193 -0.4330072916 -0.2741555702 0.4879858774 0.4169993142 -0.8250935363 0.07477422411 -0.06544583642 0.1815979321 0.04499670622 0.2567676763 -0.3721575594 0.1316469508 0.6296527496 -0.2547605897 -0.3917013488 -0.801297678 0.5969672267 1.092943754 -0.03292541277 -0.6493378926 0.3463418182 0.059649123 0.7628214235 0.05487719246 -0.1210380341 -0.581020636 -0.8608786679 0.1560100466 0.9074960339 -1.122617608 0.3609730804 -0.01963904617 0.4044520354 -0.9268308296 0.3939700422 0.6544186189 -0.1177084353 0.08484007987 0.5638226588 -0.002337248625 -0.6571254694 0.2552988066 -0.1242157501 1.300167318 -0.6312367305 0.112943146 -0.3352780871 -0.08403920466 -0.05259639096 -0.8401922516 -0.3018180795 0.3606063125 -0.5293433141 -0.2629181193 -0.3152738579 0.3661495842 0.4879858774 0.3390931829 0.7853277657 0.07477422411 -0.2613863073 -0.114729195 0.04499670622 0.2928218918 0.5122846716 0.1316469508 0.5220423827 0.05518398815 -0.3917013488 -0.8390087331 -0.5874456646 1.092943754 0.1111824796 0.644696495 0.3463418182 -0.09779645158 -0.7695895945 0.05487719246 0.06541090075 0.6014788916 -0.8608786679 0.01213495382 -0.7944614057 -1.122617608 0.5680507821 -0.2031794848 0.4044520354 -0.9044994062
0.09412126759 0.6428665487 0.2547093577 -0.2765071572 0.6870469 -0.09475305817 -0.5487361029 0.383945977 0.1324442339 0.06898215925 -0.4551697051 0.05883085315 -0.2496296664 -0.9503472807 0.09419154337 -1.03639258 -1.274317086 0.1741798417 -0.2836601135 -0.7759971923 0.1687277381 1.131072976 0.05419689669 0.0112315201 1.250152294 0.4889318125 -0.4496063363 -0.04295070344 0.5292506754 0.03178025123 -0.8962778108 0.04776972137 0.1955137912 -0.1246778426 0.3392732212 -0.4848424196 0.2160186907 -1.144574964 0.05467223461 -0.3956108442 0.6950938272 0.0128852464 0.6291494176 0.6504729034 -0.1996016383 -0.3919089311 -0.5191563819 0.2277262833 0.5075557275 -0.03236912084 -0.632356467 0.0611433347 1.068867763 0.4214241147 -0.03029826561 0.6428665487 0.2698475218 0.2457190259 0.6870469 -0.1582924836 0.5644854073 0.383945977 -0.003001780456 -0.05286247483 -0.4551697051 0.07365572844 0.2649328841 -0.9503472807 0.03158455457 1.047922115 -1.274317086 -0.0794193886 0.3158435759 -0.7759971923 0.09578593401 -1.095380221 0.05419689669 0.2821247872 -1.32149005 0.4889318125 -0.1367137963 0.04931821174 0.5292506754 0.02055386304 0.9170109396 0.04776972137 -0.0251096265 0.004779536706 0.3392732212 -0.5005935401 -0.196606351 -1.144574964 0.1048764544 0.3871584923 0.6950938272 -0.08235454716 -0.6586563602 0.6504729034 -0.04291390061 0.4350814992 -0.5191563819 0.1271060953 -0.6443808668 -0.03236912084 -0.4921999761 0.0416941954 1.068867763 0.4237904977
-0.08849677676 0.3187153308 0.1114964736 0.1529444003 0.4375792001 -0.1696003561 0.2028072242 -0.05914037932 -0.3614121581 0.1179597251 0.4615061743 0.2701255042 0.3093665008 0.6214599084 -0.1190720252 0.05912415851 -0.09950459526 0.284035583 -0.3781558055 -0.3216568001 -0.2777185649 -0.7488910692 0.01365774755 0.288626979 -0.5216591132 0.005001793693 0.04044234655 0.377751961 0.523581544 -0.06022200092 0.6123381764 -0.02984230797 0.03543009565 -0.6552852247 0.469183798 -0.01605563078 0.9562764964 -2.646065486 0.2100936234 -0.633740335 1.086471226 -0.1552231924 0.09759842201 0.6636382464 -0.003797272969 0.2923312933 -0.5708005497 -0.2388378699 -1.138896068 0.07695117059 0.601268689 0.7026309982 -0.4950479955 -0.1361744344 0.1126506796 0.3187153308 0.08702279874 -0.1891507956 0.4375792001 -0.1279775251 -0.2835535654 -0.05914037932 -0.3022364865 -0.04974457498 0.4615061743 0.2905301396 -0.3288929827 0.6214599084 -0.0414147913 0.01070994833 -0.09950459526 0.2899261553 0.3005285767 -0.3216568001 -0.3602943091 0.79625196 0.01365774755 0.1006289363 0.5161371895 0.005001793693 -0.08582665893 -0.3811715704 0.523581544 0.03211646598 -0.5859771347 -0.02984230797 0.1812294998 0.6323170038 0.469183798 -0.1727186025 -0.8779981907 -2.646065486 0.4332704066 0.5780295875 1.086471226 -0.3026596234 -0.0956614975 0.6636382464 0.01971672277 -0.3410735385 -0.5708005497 -0.161771303 1.249847017 0.07695117059 0.3106295598 -0.714784821 -0.4950479955 0.03628299809
-0.3161557184 -0.4198137618 0.2838486986 -0.2876056281 -0.4099527126 0.08685361335 0.3485701747 -0.007016764987 -0.2684025508 -0.2033310203 0.02561151615 0.04226420202 -0.3923758385 -0.2081575489 0.1146827083 0.4219330194 -0.1416570172 0.2858369643 0.2786994918 -0.2610456861 -0.1769448905 -1.82043994 -1.021583967 0.4761818721 1.905644371 1.390699496 -0.782897471 0.5854217968 0.140568544 0.102946621 -0.1944500425 -0.364586703 0.1815524714 -0.3854883407 0.03291335746 -0.1306920714 0.1155693323 0.2696238919 -0.005240644556 0.1466363042 -0.5726081928 0.02476625423 -0.4728372965 -0.3969493448 0.042103731 0.08861761904 0.1074543373 0.006767004525 -0.05997002066 0.6140414449 -0.1691759707 0.4040204054 0.2726755044 -0.4887794784 0.3749960607 -0.4198137618 0.1997560424 0.3000413124 -0.4099527126 0.01535442362 -0.4027609664 -0.007016764987 -0.1769878525 0.2075333196 0.02561151615 -0.007725792599 0.4084279693 -0.2081575489 0.01724865492 -0.3410818537 -0.1416570172 0.378673226 -0.3129980805 -0.2610456861 -0.1049528591 1.881511881 -1.021583967 0.02576421934 -2.03777803 1.390699496 -0.3031000161 -0.5436562069 0.140568544 0.2403218999 0.2323115007 -0.364586703 0.129628259 0.34290279 0.03291335746 -0.2193156514 -0.113454206 0.2696238919 0.02262472203 -0.136419406 -0.5726081928 0.05920573231 0.4691381551 -0.3969493448 -0.07250672111 -0.08440949622 0.1074543373 0.02781926855 0.01765351961 0.6140414449 -0.1786204515 -0.5094377839 0.2726755044 -0.3776387306
-0.1109103075 0.187107254 0.01764255878 0.5242762004 0.4039466728 -0.2554256368 0.02137636149 1.227000896 -0.2753095244 0.7830788136 0.1822739145 -0.2881042519 0.6945167973 0.1003274292 -0.09399794557 -0.2102533342 -0.3783092406 0.1243288865 -0.7375334695 -0.351408402 -0.1845561783 -0.8344998899 -0.7878278597 -0.03953439409 0.4406109607 0.2294993992 0.09895602647 -0.1606833528 0.9287073961 0.3745743692 -0.1064190901 -0.5592160845 -0.4704231298 1.013627811 -0.1312128574 0.8528029387 -0.3747888568 0.5502685753 -0.04928998427 -0.009952169694 0.9135206028 -0.008114980081 0.3610263571 -0.2819080899 0.1309483251 0.0494522164 -0.8118844141 -0.1703997867 0.122996856 -1.416447071 0.8683788027 -1.23936515 0.06943552203 0.1666333478 0.1119049759 0.187107254 -0.009467447463 -0.5702289481 0.4039466728 -0.1222568481 -0.0867694021 1.227000896 -0.262151395 -0.8293169171 0.1822739145 -0.09192355173 -0.6967938192 0.1003274292 0.07528325865 0.2339320325 -0.3783092406 0.07028471201 0.6717607311 -0.351408402 -0.3560254509 0.8006730117 -0.7878278597 -0.2384863999 -0.4040271972 0.2294993992 0.2017234192 0.2458148538 0.9287073961 0.3251156034 -0.009488895084 -0.5592160845 -0.4822166574 -0.7795604423 -0.1312128574 1.070980722 0.3520349439 0.5502685753 -0.1377228667 0.007715912895 0.9135206028 -0.0102646613 -0.3190930479 -0.2819080899 0.2136986689 -0.08886973663 -0.8118844141 -0.1535701108 0.08882092207 -1.416447071 0.8725369994 1.243163293 0.06943552203 -0.1354166757
-0.160889634 -0.4874092458 -0.2526474408 0.0968908697 -0.4736543131 0.1936474062 0.8845461408 0.7714424501 0.5204253401 0.1575338372 -0.813549519 -0.6697190451 0.1762356821 0.0891705785 0.05582601538 -1.246930245 0.2627755811 -0.06629223762 -1.130852633 0.5493939093 0.4107661476 0.4425034578 0.7020717181 -0.4092375168 0.6755804961 0.6407479133 0.2334532504 -0.1833241155 -0.04169241246 -0.002884443192 0.9728677153 -0.4441553926 0.7248783888 -1.041486654 -0.4292795916 -0.6117155354 -0.1296389576 0.6368799459 0.02482707248 0.06352843186 0.1903143626 -0.01336875768 0.3176345288 -0.2051124155 0.02044139579 0.1682965574 -0.2868645305 -0.1148962085 -0.2419994877 -0.2793035289 0.532652218 0.3905535409 -0.6602367675 -0.837356287 0.09561306506 -0.4874092458 -0.2838562056 -0.04762916069 -0.4736543131 0.2112312042 -0.7339458926 0.7714424501 0.7173477794 -0.3135302196 -0.813549519 -0.6124045319 -0.1577073628 0.0891705785 0.09645697162 1.194654248 0.2627755811 -0.3633605978 1.196357487 0.5493939093 0.1276137538 -0.527724642 0.7020717181 -0.291189556 -0.5998901918 0.6407479133 0.3886401738 0.1772838927 -0.04169241246 -0.04675973399 -0.7706646767 -0.4441553926 0.9370145282 0.8644170454 -0.4292795916 -0.8436074433 0.1318099903 0.6368799459 -0.006983503979 -0.06488066839 0.1903143626 0.00225481829 -0.3034657455 -0.2051124155 0.09601086325 -0.1909374928 -0.2868645305 -0.07118808766 0.3626641775 -0.2793035289 0.459082598 -0.5799493505 -0.6602367675 -0.7192748922
-0.2116950841 -0.2851022405 0.06698024006 0.07728794989 -0.3257256168 -0.1751417338 1.751111728 0.7645811813 0.4244130382 -0.525976482 -0.1705080371 -0.1797541804 -0.2213876151 -0.4253079601 0.3387892986 -0.4813019068 -1.607027073 -0.4510060097 0.2130512783 -1.049618632 0.2593911267 -0.07484780081 0.6830299154 -0.08454531646 -0.7476821046 0.3100852929 0.3763615778 0.6865035011 0.8546652998 -0.8466304698 -0.8643658877 0.190605918 -0.3406863298 0.7298054602 -0.0029868224 0.526711344 0.05248083842 -0.06815915758 -0.01979128937 0.1294338629 -0.3828963778 -0.01551996979 -0.2097012328 -0.1490560437 0.2131585653 0.0401374131 0.455091957 -0.1367327874 -0.5284410053 0.8491257485 0.1178464429 0.08831394129 0.03743570461 -0.210406099 0.221580038 -0.2851022405 0.01426351846 -0.1170304262 -0.3257256168 -0.1514989553 -1.598251929 0.7645811813 0.8319311772 0.4675274847 -0.1705080371 -0.3006341233 0.2961671107 -0.4253079601 0.2758182509 0.3591126024 -1.607027073 -0.5532595097 -0.1446357969 -1.049618632 0.3029110267 0.05239089074 0.6830299154 -0.1000264884 0.8161162215 0.3100852929 0.1860937392 -0.8694887078 0.8546652998 -0.657312404 0.7574541773 0.190605918 -0.5380136917 -0.5822125115 -0.0029868224 0.6863449869 -0.05569545757 -0.06815915758 -0.006629445109 -0.1293791212 -0.3828963778 0.0159698881 0.2546965832 -0.1490560437 0.1566551356 -0.07175365831 0.455091957 -0.1231189653 0.5412820112 0.8491257485 -0.01230709595 -0.1361908017 0.03743570461 -0.1830905356
0.05925653853 -0.1573362151 -0.3286460555 -0.02333416364 -0.3179896819 0.2937671656 0.01446716072 0.1171598904 0.7843275153 0.1366740593 0.2050800204 -0.7399373381 -0.2892753133 -0.0962003015 0.4692520317 0.6323556752 -0.154660385 -1.164465771 0.761836978 -0.1097025529 0.5334076574 -0.9530783976 0.4068687051 -0.4581184196 0.1952770857 0.8331614743 0.6394309164 -0.2819035671 -1.577664212 -0.5059839326 0.3030187373 0.5743510457 0.2741540266 -0.2567787317 0.164327064 -0.2216439883 0.1469108778 -1.073344757 -0.02136217758 -0.1720593422 0.9839214969 0.02297940467 0.03429325865 0.2408311831 0.1685308672 0.05803447725 -0.03371027537 -0.08169712639 0.4660995688 -0.8547495269 0.03239523112 -0.875199632 0.9431620615 0.4054671793 -0.1363340209 -0.1573362151 -0.30484849 0.09309605803 -0.3179896819 0.2796010636 0.1740294872 0.1171598904 0.7649135164 -0.3101167389 0.2050800204 -0.6855761599 0.393357926 -0.0962003015 0.3861958289 -0.8931346653 -0.154660385 -0.9788588772 -0.6117037813 -0.1097025529 0.7005267974 0.8154193208 0.4068687051 -0.6732920981 -0.03625010943 0.8331614743 0.6676009037 0.1523485918 -1.577664212 -0.5588195306 -0.2284384083 0.5743510457 0.3388165861 0.1961389015 0.164327064 -0.2767506204 -0.1477471447 -1.073344757 0.01448895752 0.1725496881 0.9839214969 -0.01894928539 0.007119421946 0.2408311831 0.1718371165 -0.07593151994 -0.03371027537 -0.065397441 -0.444732834 -0.8547495269 0.1432164986 0.9468926273 0.9431620615 0.1837726359
0.1344475269 0.1388904811 -0.1981154715 -0.3228962372 0.2709391304 -0.1215794044 0.6040168762 1.517739873 -0.08385137674 -0.19680352 0.4326551545 0.3446722861 -0.210807672 0.6066488975 -0.6468768832 -0.437083647 -0.4149869014 0.09810939741 -0.2395569097 -0.2235257544 -0.5605973421 -0.3206620782 -0.300431572 0.2266932071 -0.04988253373 -0.6143718743 0.05973665512 1.063565832 -0.5249874886 0.1912547461 0.370667181 0.230205611 0.9952980495 -0.1723571135 -0.2520269079 -0.6187883641 -0.1918151516 0.03106684036 -0.07419963832 0.1948704295 -0.2171374532 0.05415130067 -0.4693318133 0.5285120686 0.2274027653 0.05766440801 0.6620508896 -0.1741238675 0.5354828075 -0.4016466252 -0.6556592541 -0.5182053936 -1.164329457 1.586211479 -0.1780312402 0.1388904811 -0.1600960807 0.2843219722 0.2709391304 -0.1954598366 -0.6065012178 1.517739873 0.0634327439 0.2737109536 0.4326551545 0.2874246408 0.04954210948 0.6066488975 -0.6785537238 0.44785728 -0.4149869014 -0.009561645987 0.09814162043 -0.2235257544 -0.6016852295 0.3656655816 -0.300431572 0.1431875029 0.06275149278 -0.6143718743 0.04603243737 -0.9866747039 -0.5249874886 0.4407081626 -0.1211894408 0.230205611 1.055142401 0.01894873238 -0.2520269079 -0.6420646071 0.1684264678 0.03106684036 -0.1180303505 -0.1762000147 -0.2171374532 0.09929955937 0.5101679589 0.5285120686 0.1082267172 -0.09773533453 0.6620508896 -0.1552163315 -0.6770809574 -0.4016466252 -0.5081262361 0.8834455294 -1.164329457 1.415672167
-0.392407065 0.2990256274 -0.4105101939 0.1804642803 0.2043090186 -0.04489779957 1.154271986 0.9192545243 -0.1335676715 -0.00360567363 -1.008023404 0.1941252357 0.125728869 -0.5704053303 -0.4695107498 0.1461489504 0.01425381622 0.2477039793 0.1010916949 0.701125783 -0.4539717932 0.1586918442 0.3252591282 0.3305478049 0.3263650837 0.3411845283 -0.4574833521 -1.605484332 -1.753543346 1.151420537 -0.3223018356 1.025140942 -0.5125608466 0.343494929 0.1919017194 0.3853994227 0.2492187654 -0.7053371378 -0.02893821837 0.02572955822 0.01698147833 0.02760596902 -0.1594779553 0.02223595331 0.12349883 -0.16472635 0.1604914917 -0.08274619698 -0.3437557677 0.711602338 0.01379870996 -0.09409191606 -0.455111394 0.1130466785 0.2825218319 0.2990256274 -0.492629007 -0.185965239 0.2043090186 -0.0003142036737 -1.152623911 0.9192545243 0.1471130843 0.05004993202 -1.008023404 0.1875969411 -0.2346450575 -0.5704053303 -0.4256639398 -0.08248784413 0.01425381622 0.2755222907 -0.207000584 0.701125783 -0.4164861079 -0.07479960213 0.3252591282 0.3589567832 -0.4265435647 0.3411845283 -0.3658767179 1.834743749 -1.753543346 0.7328468949 0.1899911397 1.025140942 -0.5748916955 -0.2410580616 0.1919017194 0.4565221706 -0.248886821 -0.7053371378 0.03166644639 -0.01835922852 0.01698147833 0.03297026569 0.1844390071 0.02223595331 0.08165434409 0.1400786071 0.1604914917 -0.1198319128 0.3370353501 0.711602338 -0.06903336139 0.1184543033 -0.455111394 0.08718611251
-0.2274033226 -0.01376789067 0.3084884486 0.3342276943 0.03621765122 -0.01936181968 0.1996096161 0.3474238124 0.02031243504 -0.2853624223 -0.3438020473 -0.2422337301 -0.6349404456 -0.3604725333 -0.01123058382 1.983851284 1.136016195 -0.08137896569 -1.984712432 -1.636454725 0.4476307519 0.627026147 0.2828151509 -0.2295309258 -0.01032305826 0.4690283019 -0.3821584199 0.03835225669 0.03790219314 -0.1026801876 0.1517009558 -0.1558071693 0.1211438764 0.1118727053 0.1418708245 0.05860071245 0.03792838403 -0.1114259688 -0.02688025817 0.06537925235 -0.4784811736 0.01937200922 -0.1103164294 0.3704242886 0.04680105555 0.03729211567 -0.04582601916 -0.0117794596 -0.1490876999 0.07862275449 -0.147583965 -0.1655571427 0.1327483821 0.4408369885 0.2947414407 -0.01376789067 0.2449589296 -0.3291192452 0.03621765122 0.06134781295 -0.1889151839 0.3474238124 0.06758437075 0.218951419 -0.3438020473 -0.3035937552 0.6137227945 -0.3604725333 -0.1631558365 -1.945485503 1.136016195 0.3967046881 2.034145354 -1.636454725 -0.0413449502 -0.6637718062 0.2828151509 -0.07247912927 -0.0816162141 0.4690283019 -0.373484159 -0.0618550827 0.03790219314 -0.09048792877 -0.1182258221 -0.1558071693 0.1539859532 -0.09455685643 0.1418708245 0.08371706273 -0.04326744713 -0.1114259688 -0.01700113562 -0.05882655405 -0.4784811736 0.0344841691 0.1183203652 0.3704242886 0.01898274421 -0.03902870884 -0.04582601916 -0.00249348066 0.1093487178 0.07862275449 -0.1790280059 0.2664356186 0.1327483821 0.3882762922
0.2153000738 -0.005610820386 0.2314410716 -0.1072468264 -0.04121296591 0.003951181042 -0.1896512061 0.7996131741 0.0879771053 -0.5474070892 0.7682742155 0.4033737336 -0.3860550407 0.3837710438 0.0002984056943 0.328639453 0.06908565564 -0.310994295 0.1084269302 -0.4470320718 0.07259589284 0.3226955023 -0.5414182513 -0.404370029 0.3341402598 -0.522771668 0.2192986427 -0.06866039014 -0.4748334925 -0.03908168581 -0.1875711035 0.4038170926 0.1439512053 0.04476324094 -0.1477278471 -0.1210384957 -0.2410792809 0.6001504531 0.01799543952 -0.4452467196 1.943754044 0.07214502622 0.3706809132 -2.312986196 0.09706027083 0.4802775519 -1.426852357 -0.1444860439 -0.2997569942 1.589954889 -0.2189939936 0.2506357875 -0.6829651254 0.1169557127 -0.1535211503 -0.005610820386 0.2763156669 0.1050653113 -0.04121296591 -0.02188090411 0.2052141558 0.7996131741 0.03993371141 0.6281615834 0.7682742155 0.2603419202 0.3748632743 0.3837710438 -0.09228276715 -0.3936248426 0.06908565564 -0.2231161689 -0.08785569704 -0.4470320718 0.09647766237 -0.410244956 -0.5414182513 -0.3151929309 -0.2718057662 -0.522771668 0.293024288 0.05728576311 -0.4748334925 -0.05440559424 0.2166168181 0.4038170926 0.09477353258 -0.07248117808 -0.1477278471 -0.1067733301 0.2383608312 0.6001504531 -0.04033819106 0.4495561728 1.943754044 -0.03672592565 -0.3365919736 -2.312986196 0.1831143874 -0.5009116798 -1.426852357 -0.02510443872 0.2384986993 1.589954889 -0.2844837346 -0.215278471 -0.6829651254 0.1736436484
-0.2333418825 -0.03288096243 -0.3675018487 -0.1143051681 0.1894008226 0.5992657831 0.02736283603 -0.921606404 -0.1582405844 0.6808737207 -1.523467315 0.09271240575 0.5711514208 -1.001835952 -0.5019693904 -0.01242039815 -0.1160390221 -0.2730432057 -0.1720460488 0.2549942932 -0.2952770268 -0.3654568264 0.736267919 0.3336787396 -0.7958393573 0.6763306218 -0.07932679563 0.8603051712 0.5082133385 0.5297134195 0.6911290639 -0.6558569585 0.1027673874 -0.2602971877 0.02151030448 -0.09118809871 -0.2326344785 0.1093980395 -0.08521339393 -0.06653348349 0.5188065155 0.08752042278 0.3342275299 -1.232112832 0.07897749042 0.09692419814 -0.009491745804 -0.08272279169 -0.2434116987 1.37820797 -0.4428798785 -0.732874908 1.205801583 0.7674897065 0.138410452 -0.03288096243 -0.4127330732 0.2546687179 0.1894008226 0.5543726133 -0.06450915794 -0.921606404 -0.1470624898 -0.6387773512 -1.523467315 0.2532747704 -0.6748555004 -1.001835952 -0.350367333 -0.05341523494 -0.1160390221 -0.2680553509 0.09622180199 0.2549942932 -0.3279172614 0.4348075757 0.736267919 0.2363103159 0.7535985629 0.6763306218 -0.2678473991 -0.7081849671 0.5082133385 0.7205521124 -0.6463223977 -0.6558569585 0.2654955312 0.2308368339 0.02151030448 -0.150944531 0.2054138756 0.1093980395 -0.1385108762 0.08557893723 0.5188065155 0.06901285628 -0.3055382187 -1.232112832 0.1568179921 -0.1139325617 -0.009491745804 -0.05706778281 0.1301115151 1.37820797 -0.4883265664 0.8955299781 1.205801583 0.5693611673
-0.2410771518 -0.2039850682 0.432087816 0.4178773114 0.289909664 -0.07609109823 -0.4421431826 0.8271359975 0.5693653915 0.02786344857 0.2124725678 -0.1831996074 -0.00896040653 -0.1597075318 -0.05004660392 0.5989828367 -1.277601943 -0.2155447179 1.04802434 -0.4564590276 -0.2109167905 0.08651787616 -0.4238955365 -0.2828904504 -0.456593018 0.484046641 -0.4072567417 -1.750972886 1.652665201 0.2781427556 1.116365943 -0.9552454103 0.6564958121 -0.1029484363 0.03058091481 -0.4288255891 0.01756954964 0.1171469323 0.02229412739 0.1411034739 -0.3564814648 0.01159149927 -0.1636784539 0.04482825203 0.1322671812 -0.1423161734 0.3752641071 -0.1527502141 -0.2110414959 0.4136975789 -0.1932568796 0.06450724181 -0.455059562 0.23193294 0.3376543276 -0.2039850682 0.3616733732 -0.4239315108 0.289909664 0.02633204829 0.5657720773 0.8271359975 0.446732022 -0.07098011025 0.2124725678 -0.1711732802 -0.003301734917 -0.1597075318 -0.05073509629 -0.6331929069 -1.277601943 -0.06562550421 -1.068023697 -0.4564590276 0.04654344563 -0.1518282219 -0.4238955365 -0.2538908051 0.3456152802 0.484046641 -0.5048616799 1.766583589 1.652665201 -0.149839457 -0.9263737988 -0.9552454103 0.9050366048 -0.002883581436 0.03058091481 -0.4410005118 -0.01171102271 0.1171469323 0.02585670392 -0.134207184 -0.3564814648 0.04508863438 0.1906195248 0.04482825203 0.08915963372 0.1015359342 0.3752641071 -0.1824197774 0.1585430381 0.4136975789 -0.2382243472 -0.007009818303 -0.455059562 0.2406344434
-1.424221603 -0.7231155341 0.5556799077 1.549577964 0.5681830307 0.7228226755 0.4400685855 -0.7510530139 0.001081019444 -0.1344337991 -0.09884373651 -0.9570304234 -0.8984040825 1.363092446 -0.7568984848 -0.1579775315 -0.2438244845 0.8374151445 0.3042392915 0.269695161 0.04119893364 0.3345071934 -0.3854491067 -0.0700760671 0.2135151639 -0.8262807685 -0.1957334637 0.2080337758 -0.06313144786 -0.2296645244 -0.08004576496 0.1894461756 -0.0286717076 -0.01985303225 -0.003012738429 -0.08257126569 0.04179378655 -0.3137524111 0.04873294198 -0.1897378056 0.401471692 -0.04235587535 0.2311986365 -0.5855921235 0.006055107754 -0.1373556191 0.5820805015 -0.02590515257 0.1342740753 -0.1709615676 -0.08978320341 -0.3469037926 0.6168922082 0.09301442295 1.515916285 -0.7231155341 0.1979523978 -1.331042098 0.5681830307 1.073308633 -0.4269701772 -0.7510530139 0.1065739008 -0.09897550429 -0.09884373651 -0.9613446454 0.6906954263 1.363092446 -0.9502447263 0.3541729593 -0.2438244845 0.7751016317 -0.2854838523 0.269695161 0.1129507357 -0.3415514023 -0.3854491067 0.01218019677 -0.2542208612 -0.8262807685 -0.1388238731 -0.2570357529 -0.06313144786 -0.1730793673 0.07083518227 0.1894461756 -0.04702944032 -0.0005260225487 -0.003012738429 -0.08492278909 -0.02888872127 -0.3137524111 0.05733290513 0.1740455723 0.401471692 -0.08661751438 -0.2230013576 -0.5855921235 0.06131776517 0.1271363914 0.5820805015 -0.05808597943 -0.1518857623 -0.1709615676 -0.05496604516 0.3590867333 0.6168922082 0.007116331631
0.0208 0.0097 0.0072 0.0057 0.0047 0.0033 0.0021 0.0016 0.001 0.0009 0.0008 0.0008 0.0007 0.0006 0.0005 0.0005 0.0004 0.0004 0.0004 0.0003 0.0003 0.0003 0.0003 0.0003 0.0002 0.0002 0.0002 0.0002 0.0002 0.0002 0.0002 0.0001 0.0001 0.0001 0.0001 0.0001 0.0001 0.0001 0.0001 0.0001 0.0001 0.0001
0.998046

-7.2858e-05

0.0624847

1.76255e-05

1

0.000884487

-0.0624848

-0.000881657

0.998046
1.56864
0.415879
7
