-1.102634 0.863604 39.325442
-1.071902 0.936794 39.414514
-2.110103 0.859811 39.505914
-0.926957 1.018278 37.417875
-0.943387 1.001015 39.690372
-1.315057 0.949047 39.787964
-0.877497 1.002968 39.473406
-0.938144 0.867622 39.160617
-1.011630 0.985220 38.094286
-0.891734 1.073088 37.090694
-0.830402 1.180292 36.143700
-0.816921 1.216261 35.970833
-1.417277 1.201052 35.801239
-0.781354 1.037698 35.629658
-1.191991 1.255125 36.243244
-1.868126 1.110665 36.894100
-1.621817 1.046287 36.696019
-0.885655 0.861784 36.496233
-0.727594 1.023772 36.295664
-0.703777 1.067793 36.098414
-0.756105 0.970343 35.897419
-0.926887 0.840930 36.063000
-0.780511 1.160354 36.233447
-1.171205 1.000233 36.403836
-1.956501 0.946207 36.583456
-1.144598 0.958830 36.765747
-1.757295 0.718231 36.734689
-0.774451 0.795821 29.599156
-0.932413 0.965828 36.090222
-0.988498 0.658037 36.637994
-0.853849 0.913705 36.487906
-0.942439 0.605790 36.350056
-0.976428 0.630677 36.096297
-1.025523 0.696043 35.845272
-0.909212 1.013734 32.596222
-1.377696 0.917023 35.344386
-0.880902 0.910103 35.246869
-0.876263 0.736337 35.153661
-0.867228 0.612681 35.058664
-0.761920 0.986201 34.959972
-0.934587 0.674149 34.865344
-1.033441 1.213152 34.483167
-0.756088 1.060902 33.476292
-0.728248 0.709182 33.742897
-0.630316 0.857322 33.381917
-0.700517 1.032108 33.030661
-0.538972 1.202835 32.596522
-0.644880 1.005437 32.171764
-0.522739 0.845949 31.758572
-0.546836 1.066059 31.223383
-0.466313 1.284162 32.183864
-0.384373 1.268000 31.428781
-1.158024 1.051177 31.894422
-0.360654 1.234604 29.527558
-0.424538 1.074247 25.033711
-0.517706 0.909432 27.484058
-0.409806 0.976614 25.443253
-0.308880 1.053845 26.151872
-0.528035 0.880036 31.571756
-0.086517 1.330823 31.610183
-0.271967 0.925198 24.836147
-0.236241 0.918388 25.260739
-0.368014 1.228362 31.146944
-0.181995 0.861227 26.110653
-0.157302 1.012142 25.406469
-0.184713 1.021644 27.142544
-0.104153 0.980529 25.488461
-0.084267 1.054261 26.840617
-0.015596 1.088093 28.138361
0.095081 1.110844 29.340428
-0.118999 0.956044 22.985486
-0.117295 0.901558 30.027550
-0.024924 0.935194 27.280389
-0.009908 1.069158 26.890842
0.074591 1.236345 28.735419
-0.037839 0.874402 29.788256
-0.786086 1.020112 30.397753
-0.036636 1.023821 28.091864
0.024644 1.029730 26.652358
0.013093 1.109395 24.124139
0.004965 1.060948 25.869286
-0.016453 0.873670 24.301192
0.042197 0.973262 29.992206
0.052082 1.020752 25.204597
0.120513 1.048852 26.557219
0.026136 1.068871 25.598503
0.009155 1.004587 25.521844
-0.027125 1.078475 26.908211
0.052278 1.094807 25.321653
0.135220 1.436978 30.099756
0.273725 1.215641 30.007017
0.008360 1.014871 23.359283
-0.100365 1.018397 23.272486
-0.073459 1.031522 22.243414
0.287872 1.332398 29.833178
-0.125120 1.128941 23.121889
0.146133 1.276192 28.224869
-0.154118 0.978718 22.259447
-0.160332 0.988802 22.175097
-0.189362 1.006714 22.665158
-0.211150 0.981532 23.374250
-0.029637 1.271108 27.589931
-0.248789 1.048687 22.019394
-0.185493 1.122111 23.474467
-0.463700 1.155072 26.952678
-0.296994 1.099063 25.520767
-0.318317 1.044044 23.198242
-0.361094 1.050758 23.160567
-0.280952 1.139918 25.668833
-0.457325 1.070755 22.697197
-0.465568 1.090112 24.336486
-0.567242 1.041830 21.903336
-0.625323 1.046728 21.333011
-0.677297 1.075228 22.890808
-0.706742 1.098960 21.321200
-0.722227 1.085345 22.028972
-0.848051 1.113088 22.142903
-0.878162 1.098905 23.091097
-0.938740 1.084383 23.573783
-0.898555 1.125813 22.728217
-1.068304 0.979304 24.547919
-0.903568 1.059033 21.829253
-0.883291 1.071020 22.090442
-0.875078 1.093307 22.471022
-0.887456 0.954648 22.579681
-0.834199 1.105684 22.947031
-0.777259 1.069675 21.769361
-0.728424 1.126703 21.781744
-0.766611 1.123275 21.907964
-0.822408 1.141121 22.082978
-0.907002 1.096347 26.361578
-0.859362 1.175401 22.623453
-0.701064 1.184138 22.328178
-0.982874 0.975402 26.935092
-1.047618 1.101601 26.880717
-0.939825 1.077747 26.824681
-0.911274 1.040658 26.772703
-0.827779 1.150584 22.910475
-0.834836 1.168598 23.357950
-0.877233 1.154358 23.112889
-0.893025 1.177434 22.413800
-0.969115 1.124193 25.176467
-1.092291 1.040181 26.691944
-0.973787 1.122737 24.048894
-0.965446 1.153631 23.647608
-0.985273 1.119834 22.189139
-0.940370 1.159691 22.554186
-0.925494 1.127448 21.238933
-0.994043 1.147795 23.815592
-0.974859 1.132271 22.261558
-1.036784 1.113512 23.398347
-1.287830 0.988120 27.045614
-1.029299 1.180372 25.002567
-0.989154 1.182398 22.749392
-0.961852 1.187602 23.297792
-0.919604 1.274597 24.436847
-0.913643 1.233223 23.168644
-0.864907 1.198738 21.846361
-0.753683 1.616850 27.526428
-0.816962 1.279628 25.121328
-0.872003 1.236645 23.055408
-0.817073 1.380312 27.231944
-0.903486 1.280894 26.425783
-0.914632 1.256902 27.093981
-0.901499 1.315010 26.267014
-0.889009 1.259582 26.249444
-0.857412 1.310922 26.816453
-0.846865 1.305472 27.636283
-0.914882 1.120492 27.722950
-1.589206 1.346864 27.808447
-0.768338 1.366508 27.013456
-0.712834 1.377000 27.087653
-0.776013 1.207955 26.517075
-0.659981 1.385497 28.499314
-0.709222 1.250317 28.543528
-0.726706 1.258592 28.583875
-0.749920 1.115042 28.625200
-0.559018 1.325162 26.337183
-0.838288 1.244281 28.989581
-1.388851 1.131847 29.320153
-0.603165 1.287744 29.661942
-0.448106 1.212714 30.009800
-1.475867 1.204868 30.367861
-0.423348 1.253908 29.654219
-0.509743 1.103422 30.484908
-0.406477 1.316215 30.544761
-0.883077 0.968988 30.603386
-0.302690 1.258458 30.658178
-1.657229 2.200222 30.533897
-0.896846 1.240451 30.409492
-0.180725 1.284078 30.289592
-0.390997 1.577270 30.171594
-0.172565 1.283187 30.387644
-0.082080 1.341798 29.376672
-0.450724 1.221307 30.307906
-0.393913 1.271141 30.112925
-0.033170 1.376872 29.001622
0.030260 1.364352 31.082161
0.011156 1.337484 30.921633
-0.855255 1.557968 31.160350
-1.178306 1.148375 30.834628
0.126612 1.463601 31.497942
0.030083 1.283672 31.796406
-0.798360 1.022830 31.093431
0.011151 1.243580 32.831181
0.031875 1.412280 33.154889
0.003336 1.150820 32.665992
0.123935 1.223372 34.370294
-0.222213 1.381667 34.096806
0.049391 1.290503 32.545617
-0.063638 1.096413 32.106933
-0.230821 1.308371 31.745717
-0.049680 1.356035 32.743403
-0.023033 1.242013 33.578508
-0.018045 1.237881 31.846650
-0.835572 1.002301 33.653203
-0.993504 1.201478 33.669675
-0.052482 1.096012 33.000503
-1.341606 1.145613 32.544333
-0.007909 1.129132 32.106700
-0.963566 1.260375 32.063008
-0.701797 1.256432 32.021958
-0.695634 1.538445 31.981425
-0.010734 1.141441 32.396972
0.077160 1.295365 32.823469
-1.225562 1.125152 33.265817
0.116297 1.263408 33.716350
-1.138577 1.127607 34.185347
0.001749 1.271092 33.802000
0.040663 1.303655 33.430261
-0.807562 1.016588 33.521139
-0.018567 1.249602 33.615833
-0.103382 1.314163 33.711478
-1.449545 1.141462 33.966303
-0.168795 1.264925 34.228147
-0.200196 1.192267 34.489314
-0.254199 1.310105 34.757397
-0.335809 1.125094 35.026061
-0.302493 1.172262 35.189303
-0.273535 1.271764 35.354072
-0.325029 1.312171 35.519875
